%# iteration evaluations sigma void fitness_of_recent_best x_of_recent_best(1...dimension) (randomSeed=1714053490369, Thu Apr 25 15:58:10 CEST 2024)

1 13 0.1842425456716734 0 187.08481344421352 0.9843164042281988 0.840130246317299 0.47200477764495624 0.5129956183847357 0.3978968221251268 0.21915698744588508 0.6416705627435602 0.5159030757167452 0.6110314919126187 0.6782802578048761 0.6527087168375559 0.4401481796563236 0.584465242969945 0.5206092779730024 0.6492108827308387 0.47522460637146635 0.7903813137423428 0.4673832082374973 0.26293668850735025 0.3315091019270364 0.6435592101677206 0.35730550691844765 
2 26 0.17126168660919047 0 168.02424270021424 0.716492303856727 0.5232090260591739 0.07937901796980518 0.5440916648830767 0.5500411685494864 0.34259515197306406 0.6647643958111097 0.5156088892694425 0.5164127980345653 0.673063454065684 0.6890131106878743 0.6401388784899676 0.5680748984398386 0.5566935781477775 0.3280871216955564 0.38073919664442424 0.42786318887364627 0.6773830191498826 0.6677114524119399 0.6795742436218667 0.6726788693506225 0.47102545272665264 
3 39 0.15950126216398341 0 199.8399830668768 0.7960024058416446 0.6242760407118958 0.07606543946595348 0.4265766191366228 0.34103491679121645 0.22180210216453744 0.5880709514031133 0.3964772332558334 0.29929431231786363 0.41418193619419474 0.4830789008071106 0.4488558951400002 0.5895645526652038 0.5485439090271841 0.41191810758673986 0.16210231601079161 0.35984524388137723 0.7075627439999698 0.21518685950323208 0.2446651863306201 0.23634394218932347 0.5491572203435802 
4 52 0.15440516085551798 0 161.9657417813943 0.8110839506479381 0.500136502021248 0.20055649326592898 0.32042085432647416 0.24016571019189525 0.010659658079125 0.6306425314740971 0.5474223974635666 0.4654496016325779 0.2252531418685582 0.47044608802131405 0.43316721837527405 0.35186134570629374 0.5457444907219793 0.49720319834039034 0.1181742448218649 0.4085465446511008 0.34232748987808775 0.35692752963056756 0.4102343271476673 0.33355312312011387 0.46806909828627 
5 65 0.15739859405873965 0 155.0002435520792 0.7584226508333461 0.2650838360635331 0.31143579352896567 0.25490537039457384 0.4436521555492181 0.34198874618053554 0.2815410931863289 0.4437688625796444 0.2632799166651854 0.22083738864889588 0.4986674062184726 0.5510192234372094 0.6393305917447392 0.4234317454488332 0.33019094349854894 0.27926251003717933 0.3048207528120199 -0.03715662859415425 -7.780313619538681E-4 0.5801426508342042 0.3263069541315089 0.35389326820852607 
6 78 0.15825062036685433 0 142.92756278836575 0.6229500843640352 0.35826111105768604 0.3783998547991144 0.13177136166401482 0.24663025324391238 0.12503438351132062 0.44596918531349344 0.3042203428905678 0.15405043352836217 0.24386503367390167 0.47256667367803995 0.6673874472448308 0.4057139386001901 0.3711973828788616 0.4680786208435497 0.4670251897597685 0.19950950550412344 0.010447238267595416 0.15667517464208627 0.28824673175281723 0.05757291047189389 0.5292327254638387 
7 91 0.1570438027387006 0 137.19871144840405 0.9018109433745278 0.5823446899004668 0.29592085838986487 0.429591165726485 0.13465265491977743 0.2031259246758782 0.44722710308092717 0.49594135930961575 0.32620961474112736 0.3180893031293905 0.3647970101402627 0.6275377476826864 0.5070073027419261 0.28354437251224873 0.16863708693970905 0.22533936729028362 0.4159072871166901 0.24682491584831412 0.40392395375989487 0.3851138534110328 0.4107318621182653 0.3311791156639043 
8 104 0.1556331872177655 0 164.28836901436807 0.7410880709058333 0.6232651504872192 0.7311762029528053 0.3844042706848237 0.16604148219742682 0.15347873319415212 0.12230375843000824 0.5156929615651645 0.5493040622581054 0.23161759945305443 0.6026942465194475 0.7830024452609399 0.35007505503153846 0.24549680723288225 0.2177537282622909 0.35165662686798216 0.45886546260787753 0.3645979450900273 0.36088269695807007 0.3630638378883101 0.14788443155701464 0.38284387132585823 
10 130 0.16032581908197632 0 122.27384678446734 0.7153753577203829 0.6169162003379681 0.5640882570327772 0.4267719694558032 0.19311361933404358 0.09543665501848014 0.41576979154240334 0.12424254969460108 0.4572320502307193 0.4323930681187678 0.22325101216088708 0.40328351791839245 0.3621726476082154 0.09849048341835213 0.09874488365792347 0.21541101232186916 0.2911288497455348 0.3365040860494877 0.17443152451218963 0.4323972785064936 0.49130462350571524 0.47339519630286225 
12 156 0.15758014831750644 0 127.09920237020445 0.5945481246360493 0.42173955537396535 0.43418969246980504 0.20906882555603018 0.23402590851405036 -0.17861219971764242 0.4173150962759996 0.6095435024568411 0.23798747710647566 0.06457549848976624 0.06707853564280256 -0.018253710610857787 0.3604625426421842 0.47260247862042004 0.2779821665951127 0.08770260027079271 0.32756522597206283 0.24313455136730827 0.03917418423925738 0.39990587103843583 0.44566266242891717 0.3327805848499537 
14 182 0.15872503331518242 0 104.76670505640415 0.7499217456671629 0.520974108028309 0.46271555946548526 -0.004807250851030648 -0.08599088201240906 -0.03267693032677166 0.16662618943535745 0.6717090872902582 0.4161534752966604 0.2627083649347251 0.28013907724462633 0.2070006200788892 0.10778568633337776 0.07665252607933398 -0.11832530843207753 0.16455260020180262 0.016021851799996684 0.16778446387189683 -0.011437033702782831 0.30137355943013416 0.1617324903722676 0.3818759790702845 
16 208 0.1618177242069589 0 88.32513016252022 0.852654103534328 0.487392432398223 0.2430345410664759 0.21912283753785022 0.26195313655301 -0.2124202768077186 0.424382950350934 0.23870118512519578 0.3818409476902431 0.4481424239315437 0.12910079850291042 0.21662002216781062 0.1388284872942278 0.09718443512216435 -0.08963580149038353 0.14936511365499275 -0.09265024238930493 -0.11971008014919003 0.1437652623192006 0.1933193619420673 0.17790200004072615 0.07071016807759267 
19 247 0.17260371047650747 0 78.853657712268 0.6520435339041301 0.5665093394874088 0.45653277523095825 0.20859211992899301 0.012746520057578602 -0.1327861527464571 0.21145776806334704 0.2114648927250743 0.3929660411085702 0.09203720317315876 0.15203180003747194 -0.03545165285666749 -0.1869115667111881 0.18983790088011065 -0.19016407620386902 -0.14419180449121066 0.04162288120645184 -0.21500260791641487 0.13690441480018195 0.11267783309323265 0.049355396562204376 0.3694407038502915 
22 286 0.14906776061634025 0 64.93033217226703 0.7440507827918053 0.5958263567058013 0.3484169114301997 0.2381560149092774 0.07628923027078988 0.0549932646721739 0.3220224672085385 0.08812492145979664 0.283304858416441 0.18019456622561614 0.14879862427442775 0.16462873578681123 0.2244166514192465 0.11955704904832153 0.059204665531222736 0.264621326607651 0.16556258369785537 -0.014220945938668378 0.10248745915998508 -0.22132559591021955 -0.0437981272487467 0.2544374159851423 
25 325 0.12517054247017703 0 53.06620589392561 0.9239368065428607 0.624806779319591 0.3852999153767669 0.04329248766364083 0.26889194352353335 0.2382003527738784 0.22413311909708145 0.24641625916638568 0.1271444332896688 0.17490903040467257 -0.027693661382190232 0.11390984651401144 0.15822805763946174 0.1696567040006963 -0.04726030231391694 -0.10081149941057257 0.06340324428894811 -0.042028748806217694 0.09499939714502124 0.06313000031542798 0.04989390096873665 0.16433500878738505 
28 364 0.1077539881755971 0 41.66102710479658 0.8561922134563072 0.711792929215046 0.4676270303709496 0.23807352760740877 0.11283930629153123 -0.011085241773675626 0.2388930416683243 0.11787527793778713 0.03976745413603784 -0.009839613930709201 -0.04729423526639047 -0.03348206267746416 -0.031993211013912004 0.04972235690000181 0.038672784263027685 0.03773318764918918 0.16078251363088794 0.2301885207452341 -0.18284896713259255 0.20735859902879952 0.11969293475849778 0.15191309993314228 
31 403 0.0966744153766634 0 48.17491278571583 0.9385273113582919 0.6727134037267934 0.4979809553568482 0.28806024691278637 -0.030192221983942558 -0.05588905394246495 0.11737441200367592 0.07904797462549387 -0.032360846816178346 0.1279179033874561 0.22457852716609505 0.16991628080057578 0.2294250838664429 0.06630048946069408 0.02595095776281269 -0.08431571065876461 0.1736775306686465 0.017381733925562734 -0.0704368049114718 0.23251683451767532 0.07286482608001307 0.19722235867671958 
34 442 0.08414249351878716 0 40.60616898628645 0.8816283932432152 0.7255869320214192 0.39934064780806755 0.08827032560337676 -0.03848355481466076 -0.035588896930106945 0.06917192244272738 0.04121982888099356 -0.04081840202832224 0.11709506654980269 0.26527523741344095 0.24823232951859303 0.16906939258211923 -0.018557834262227825 0.09010604511318328 -0.05353002268521333 0.09423949686502464 -0.0747129187479739 -0.1065226990970154 0.03181827539766233 0.07988799700871788 0.1911224634272018 
38 494 0.07785358616980882 0 34.54464071457799 0.8270053476949638 0.6356238424808174 0.2582892163025011 0.16525912054078667 0.009390431977357377 -0.009875727554884375 0.010196113859497887 0.0882383973603813 -0.1029558321584577 0.03004767029083449 0.05970977001631208 0.17173683861034258 0.16781889535570216 -0.041926512384752826 0.1259271236852198 -0.11349346365391258 0.08987803149645426 0.03854561282716179 -0.10748406048809746 0.04768165555156971 0.0874000558410904 0.04649814897705516 
42 546 0.0716163121342358 0 26.58628694233166 0.8011567763275835 0.530003902325094 0.35151503540230594 0.23055096346096338 -0.005875042686055872 -0.025973393855599238 0.010294606199589516 0.017828701851264728 -0.05107979583175195 -0.01225843818735918 0.07214505244358214 0.10250207115147966 0.019360919907561065 0.05212824097921743 0.10310813415486131 -0.05015232367142376 0.009079686306278964 0.02383684500130737 -0.006465748665836209 -0.006777528878066309 0.12148300942381979 -0.06938645202664342 
46 598 0.05915115548901536 0 22.83917347668435 0.7629641659299121 0.5714351759792212 0.43907181062034906 0.20026053404564498 0.05114927726213068 -0.029274143718614223 0.020104717372708063 0.0882822834565032 -0.01837266360272216 -0.034361708880914485 -0.012015949676239193 0.03612398512920075 -0.012795612627048664 0.0019506595231944092 0.05963270808968257 -0.0784636752616487 0.05009639507022229 0.041111989112457704 -0.04803042841708594 -0.04337283239367701 0.06162149328398799 -0.03218976835161309 
50 650 0.047969513233014675 0 21.55522184776245 0.7351452393013902 0.5389130330890355 0.3365257400052751 0.1078072152884687 0.036766214747636125 0.012472496510762 -0.010809631998230276 0.05772046025540553 0.0037208896830730684 -0.04684072565011867 0.017971611115952232 0.038325887636882924 -0.005085314198077579 -0.04342621204188907 -0.05393661778678181 -0.04817277549785308 0.062445477347032576 -0.08046333831519936 0.03901704973017148 0.014233228689992026 -0.004084966641997381 -0.0031528446783262616 
54 702 0.03989539307968634 0 22.527207699868033 0.7220171756795157 0.5589059627352769 0.27868789097290647 0.03317896563678131 -0.01623031147351577 -0.04384838203920465 -0.024208562229391876 0.07215219536786806 0.03504282550293559 0.05127718265868379 -0.04883202186483523 0.00831197531988341 0.03306249430316148 0.006941596866225667 0.023038928933338497 -0.010282256660363871 -0.0253651244608249 -0.06562669139588587 0.012689153303245243 -0.06984182090570454 -0.01733498655039693 -0.07201088677188813 
58 754 0.034303843176031634 0 20.639272971938908 0.7522748632678156 0.5579645730878395 0.2999656946804628 0.13178331777045643 0.08470270938877117 0.006908390388219112 -0.03831683822888755 0.06571436997172136 0.0152913361635141 -0.028865315355665166 0.028736132934498428 0.05219867929194105 0.09234756736409044 0.04203893716630171 0.032782843432461024 0.0011812878368904801 -0.01749848107360686 0.011214638476208781 7.899104537309656E-4 0.027636630992349774 -0.015182422775645105 -0.016994455362835375 
63 819 0.026448701026877783 0 19.898940770145515 0.7116979339899526 0.5685924504798225 0.2898821742203077 0.07774440475474248 0.02633027751151283 0.010483807737905342 0.013945153105657554 0.04121837376198294 0.015761144452326844 0.04702380369183837 -0.0010120659417594217 0.03912930737294397 0.033825945954917364 0.004127788919610639 -0.013655514890218028 -0.023170733464748013 -0.02811182747835529 0.016650862636017644 0.01798127787651236 -0.002858005817219438 0.04957019252785469 -0.022323291286813547 
68 884 0.01906552648389034 0 19.061069667400126 0.7546249903742269 0.5416357282870224 0.30261536122726507 0.07552337656236952 0.019042770581358295 -0.021410402102949557 -0.0037900497702337576 0.025537716069768505 0.03530912708048673 -0.007485739865398158 -0.005857479893836174 0.02741022072992145 0.005818102403430507 0.0028037189306221242 -0.007691145810508071 0.0064086932160192876 0.012168160742226382 -0.019363587781800057 0.009625490101140357 0.029139083121145975 0.0034311960533465365 -0.023870775133628744 
73 949 0.016042222534893756 0 18.9315735178914 0.749063171883549 0.5831429589686723 0.3424354670801666 0.12827259546782313 0.04535557704116533 0.014198758542166678 0.019992531921383085 0.026160926929448523 0.04362234149592797 0.043218679945616845 0.014313920518334432 0.0339721628129098 0.02785294757724635 0.015880558104673384 0.04333888495531334 0.025495342970521664 0.010550067149745563 0.0393656518933166 0.0011819141128914371 0.01945123630873507 -0.003912220308214715 0.019952526139060466 
78 1014 0.014221836892354813 0 18.460653839730973 0.7740891680468555 0.5864567037548177 0.35156042880131816 0.12808309024792883 0.04059519748199321 0.024356935527210098 0.00838216331925528 0.019042323462959348 0.014394608488091553 0.02418354857957762 0.015734358792754925 0.013166275897910452 0.015231644025900843 0.03102241091063674 0.029661935155390565 0.023170253593332864 0.030182628500463972 0.019381820971162134 0.005908354571815084 -0.0010640754985917385 0.013826735660440913 0.013353308013503914 
83 1079 0.012531919911735048 0 18.392221887819847 0.7719002651482727 0.6068233464885342 0.3635298399781733 0.14455581863249142 0.029533052588394882 0.016316677542559353 0.012812944887168536 3.577836044039648E-4 0.015320973918891373 0.004750076531717547 0.026209033088816197 0.025930358755849155 0.012955305992689882 0.015540624133916508 0.01898551129365933 0.00428913258494891 0.01980330882428179 0.022384071894580804 -0.002981120179968754 0.022322097642528564 -0.015346239688382599 0.01702637038096791 
88 1144 0.00903924049101681 0 18.332512708771837 0.7619529341454563 0.5925035230707071 0.3610346667890088 0.1505614018861779 0.0430962801425893 0.021428350778074187 0.011101564321305237 0.017406440800205564 0.0065970560851206575 0.007501501892423197 0.026438956121643174 0.015387171784972283 0.006936347836612636 0.01004574478341273 0.019397316589222377 -0.009110471199866613 0.01143275424324572 0.007997305439058628 0.006665668448960226 0.014186623661629837 0.021287729707611475 -0.011667591182641462 
94 1222 0.006896890781398816 0 18.287108381602106 0.7733726256471612 0.6019395999078231 0.3649300754471631 0.15074748342887395 0.033869284131834466 0.019972212965159324 0.00861239892490324 0.003619247255873294 0.010559754904879105 0.0035485204223618507 0.03332952060961513 0.007411056658542815 0.010496261614654435 0.0032025816097683655 0.01701647215994704 0.012101198559464336 0.011986243215087336 0.014013940100717914 -0.009033368688574852 0.019033402156690037 8.326464163462737E-4 -0.0031934957865538227 
100 1300 0.005763382773923743 0 18.161771743351856 0.7815501309320686 0.6099517999602737 0.3733346367632928 0.14460184207878068 0.02613007510924016 0.012319147228409521 0.014571204461060293 0.00900911400923608 0.008119306190548955 0.013613979018277567 0.017608036397475102 0.013587046090345839 0.010979210534167049 -4.893977410474473E-4 0.008842398995879071 0.01007900299794715 0.021950200627995044 0.018182306816133073 0.015027936289220572 0.01037435340075351 0.00949986692414446 -0.005415096133313328 
106 1378 0.006448895823601049 0 18.10290097487645 0.8045252506822145 0.6338316669380614 0.394739275931763 0.15988017828427606 0.03718348004556247 0.011675973021495097 0.015534363863669354 0.006940586237972667 0.008177347300316912 0.012910534193886566 0.01440452643706887 0.014755486645619318 0.027634237041708313 0.009352545003716637 0.006042710345138659 0.02066090770397388 0.01026272143856576 0.01039149412634522 0.015993688573362457 0.0074312113391011665 0.005508676692070852 -0.0013331482707596809 
112 1456 0.00813041946256559 0 18.08582792682418 0.810779785928549 0.6473549388211857 0.4043794769574575 0.1844496123773396 0.03619151109912441 0.011663055824238697 0.008576016272459084 -0.0034237250566516064 -0.002398489415412767 0.009946401673020912 0.007685967782792111 0.010566293929685317 0.01312697975081964 0.003959158473585082 0.006971618256227005 0.005146599464243857 0.018185217706762676 0.013046683040013428 0.012203425403092865 0.00666472365993551 0.020631743702668424 -0.0038506226998770337 
118 1534 0.006924175865387491 0 17.97692737974437 0.8081115823107119 0.6527082570343294 0.4321787705620513 0.1883102917321344 0.035844083433623185 0.0022503522051624605 0.005010563897819584 0.00879048378901839 0.024774608728641668 0.010225000648100049 0.00856556499035943 0.014489783740000131 0.006894727923401153 0.010223819405837298 0.010377285158915442 0.013886862457954147 0.006810219411556019 -0.0022313928034262964 0.013966812230065288 -8.575851270212925E-4 0.013976556262900468 -4.4293450269992755E-4 
124 1612 0.006239884456486623 0 17.929245540974364 0.8183378605061954 0.6672843221296815 0.43914250243956976 0.19924161964695974 0.05020299295773097 0.018262805394489993 0.011248502787415125 0.009763864490283155 0.009555560567781101 0.010661469585135468 0.0036971531697033468 0.014795715945545922 0.004425473693663336 1.4828057040153545E-4 0.023117776020977095 0.006670501173094666 0.005524602899336002 -0.002191647587045363 0.015377535217276177 0.010969116911551832 -4.2395054937966956E-4 -0.00502586375744854 
131 1703 0.00706117127192265 0 17.850568368438346 0.8261324314381543 0.681925024991425 0.46385996403647023 0.2252180701518934 0.044437820840773246 0.012761892929283775 0.006585832526760244 0.018327671177681852 0.005061936376067069 0.005879044682493511 0.015272382855102606 0.01979819075345385 0.013338586492539248 0.01816783779114703 0.02427526380997941 0.00908280698271854 0.013187006743861428 0.0094559622482363 0.02137191533280948 0.00323648842063466 0.012114852545944518 -9.859238554464876E-4 
138 1794 0.007807812965831106 0 17.714660287419886 0.8472326935994668 0.7104013028701286 0.5092127050727696 0.24517612636387612 0.06901289948263101 0.01546066423960629 0.00222475735094691 0.0030449544051900767 0.002936091144014855 0.01905659064221507 0.010341835756695422 0.010436255236156516 0.011079839045143727 0.013853917098684814 0.022985002820281448 0.012440441775169897 0.007200536907498772 -0.0036883109814121696 0.015277739460541971 0.013564342476766397 0.009336308162624124 9.344741082024412E-5 
145 1885 0.009367937351473867 0 17.585282754377626 0.8615831583449041 0.7263730135834906 0.5466296122832507 0.295474948795681 0.09919878555221964 0.008691760545016556 0.006157347609041438 0.003888551266469667 0.005697977692566086 0.011026944757196476 0.004470954583488872 0.019102935376779862 -0.0025435739573405978 0.009557985941052418 0.020249697191757267 0.017018158739804747 0.013073074403845418 0.005565950723576614 0.010446664209274144 0.020556159922487917 0.0092130726482701 -0.00789202469640364 
152 1976 0.01239483847452567 0 17.454982835560717 0.8639911795251433 0.762714677500665 0.5831830209711877 0.3421539206782535 0.12959544937198897 0.03644471869552753 0.005702528043047688 0.018357290521691265 0.008606319184708005 -0.010514639903035751 0.0024116490613258746 0.006122025241411182 0.016410753349699287 0.024079485128127902 0.020418246126771223 0.006040744310155008 0.01424162010119558 0.002144401926750722 0.024343869191941682 0.0015493196372147132 0.022224989215926444 0.012464155004559389 
159 2067 0.013603581034554023 0 17.131278626961528 0.9187654647229071 0.8279383340695232 0.6764003492098135 0.4428851507774899 0.2017656386821156 0.05873788680570398 0.03922818959505655 -0.010944325377035786 0.024890980502275305 -0.0051601833578470355 0.0030814844129975747 0.008036865038494628 0.011860019202684657 0.008238438289321824 0.00439869776145252 0.008434089883952604 0.021240285658005457 0.01471696456745086 0.00887632898484453 0.004471799328018346 -0.007036175908373663 -0.007565469993910428 
166 2158 0.011288801923479603 0 17.055306855231848 0.907801716142245 0.8216300574720211 0.6676315361095618 0.44766533823801913 0.19225525021896223 0.05847885717254114 0.017363417519108 6.661650227663433E-4 0.001272205133073719 4.602360526782794E-4 0.008849910804467459 0.005224664055468809 0.02996896408674876 1.5902724520152787E-4 0.027375083406541927 0.004910289388827551 0.02339776746452082 0.01460562052008067 -0.0033028954906589355 0.013764080738347704 0.012838468298911151 -0.007533457564884984 
174 2262 0.008938253391098354 0 16.859029441361596 0.9075715257559338 0.8338375157386988 0.6864051566843642 0.4736546943798472 0.22120484347135488 0.05677185911099844 0.021925087271621624 0.018842856454487064 0.011657853147822923 0.014607888777687266 0.012176687175469388 -0.006912166238332469 0.014691236638909595 0.011617677139960748 0.0097071864568696 0.007361348513605378 0.007328907364006664 0.018397626534197402 0.007008170656922188 0.020053219475435768 0.020221251173954024 -0.007525520870829802 
182 2366 0.007921596276301042 0 16.733361710425317 0.9249201231187414 0.849468116667456 0.7205920807583127 0.5101656866664668 0.25095100469684406 0.051323343074323395 0.021068561725779124 0.011953486379046429 0.013537965258964542 0.00546129100730043 0.012888630583345627 0.006500450000509015 0.004050903497988849 0.011655577546050276 0.0029381485636650016 0.004944354606863726 0.013608544063504258 0.010707211220726858 0.0020589462187853612 0.01035324277144662 -0.0010410413816843832 0.006251141911889902 
190 2470 0.00842648478737954 0 16.537045262915388 0.9330335585542048 0.8761745363904729 0.755764261752087 0.5658595463693606 0.3119417373394887 0.08631505154714626 0.029036433999330584 0.01830168446616432 0.012011848702377493 0.016507837157620883 0.011588237533398285 -9.640448110134533E-4 0.002103773002683655 0.022774285788514516 0.0019493041071483382 0.0112861999996713 0.020232431554323003 0.01677899759769025 0.004451325104099518 0.009788480222269597 0.009524559625310186 -0.0077813493673927455 
198 2574 0.007863767658279348 0 16.42685145132964 0.9388033171747134 0.8694221874093322 0.7542764764598392 0.562771590966844 0.3234253940697106 0.12046890345340236 0.016523453379448702 0.010297427904879593 0.015547577900006628 0.011279904639813269 0.0035702217167863926 0.003991726049859546 0.0161399075325748 0.015833860290512508 0.005834332389113829 0.015879628566126316 0.015438971516423922 0.01507774205112003 0.008501014823287488 0.01639526380401475 0.003361614677043282 -0.011350069513133582 
206 2678 0.008302261461932628 0 16.356835507094104 0.9416967101688505 0.8918511185536184 0.7802827499345233 0.6063309088678074 0.3577841190520417 0.1279632143536693 0.009832832966855776 0.012796578052989721 0.007267645196359905 0.012930939310065365 -3.006309261436007E-4 0.014891624515175086 0.017636289725876227 0.00576351109905372 0.016628864923174568 0.016636472397435313 0.018496418157828105 0.009513584251509031 0.009213166590185265 0.025762286857544673 -0.005077567793965252 5.706924867138409E-4 
214 2782 0.006788438632288274 0 16.19049386785534 0.9567017505338339 0.8973280483592174 0.8052658333825599 0.6475791637150118 0.41012279970278925 0.1543407284724666 0.018286920791468715 0.00645776793616115 -0.0017575460236398232 0.017948277607456858 0.017456248825482724 0.006771158460717138 0.016241098609040144 -4.97286756197742E-4 0.011633270792945386 0.001964222965755635 0.0027633545895896835 0.012731155494770389 0.013167695802012993 0.017029336400750168 0.002463147756097674 -0.0016219392458393439 
223 2899 0.009134627188736828 0 15.918574898773498 0.9644547036925106 0.921924749977123 0.8418711489168061 0.6948017108045806 0.4759431515992584 0.21913850078934516 0.04665281970163522 0.005552313981938327 0.008364118104333795 -0.001045698969025885 0.007761083709965312 0.009352748338057758 0.016687803517338125 -0.001225648930780648 0.005973716080059708 0.01366325993071589 -0.0029643402869910076 0.015403400335950342 0.019179397642352238 0.021682699351132005 -0.0036999198354104087 -0.0061205099701830195 
232 3016 0.011486944465280619 0 15.941600774016695 0.9489989107756471 0.910732385359197 0.8270271535735326 0.6857788204895079 0.49156164572938765 0.24701584293203588 0.059951329468858366 0.002192931053855698 0.0023252876820430476 0.013080740768486051 4.442997833464177E-4 0.013637173979084316 0.007564729662963754 0.003240167938192243 -0.0038168778526408865 0.004321646473794636 0.021518200299897657 0.013971413554208233 0.027330117992046973 0.03158519489460314 0.011721561017180148 -0.01937634125553761 
241 3133 0.011202184377720055 0 15.605252679972994 0.955404341822225 0.9372747388213788 0.8674919937720652 0.753975094347229 0.5541679943413795 0.31018001096824516 0.09057752980247609 0.02784145202786073 0.001090641362423689 0.02235459539037037 0.005177555497182579 0.008032261016833174 0.005535650795527157 0.010219422550001588 0.01725560092907213 0.008543751465350795 0.02296969474785147 0.01769765440458656 0.005116195126152865 0.006304980300617456 0.014413454654401575 -0.009461325572215995 
250 3250 0.0104138303448846 0 15.470577835937918 0.9667029474865173 0.9362220906485347 0.8637847250179267 0.7630010972326177 0.5819768626052868 0.33602336379727543 0.1171723280129568 0.019184455948870065 0.016657059954751034 0.00246467927117963 0.0034619271700834903 0.012181589107082218 0.019651999145551317 0.010052562008667514 0.03215182185077656 0.0013682430606387457 0.010926680367017032 0.019933783346472216 0.010050035620317876 0.008681329625421369 -0.004229856737158711 -0.006589098595241552 
259 3367 0.008846539767178556 0 15.30326904025012 0.9760838404596487 0.9489771413767242 0.8946238688555265 0.7939640236984049 0.6219852461397529 0.371961748816301 0.14423132767720617 0.022289319882633166 0.01884850067528062 0.005133860825473947 -0.007420105421905786 0.007340884074725521 0.012652965907415414 0.009479290762832989 0.02443769368486792 0.00692440452558021 0.008141864915024385 0.01837406301707337 0.010932692805498549 0.006162210432289892 0.009679529637558483 -0.01976571281710634 
268 3484 0.008010556167973065 0 15.16805678441654 0.9717514608147144 0.9485327711815014 0.893499508776587 0.8089663650190184 0.6383751724415538 0.4094488569699417 0.1737931724014408 0.035799026081140384 0.02680164188491225 0.010874520001508577 0.010588612778645545 0.006777693830976798 0.020582116380376003 0.002394950654829269 0.031293360023737615 0.016432407006267427 0.017839710160455154 0.016750704078508382 0.01795655510148236 0.011023585760109283 0.016463288444628296 0.0011754115394484446 
278 3614 0.00831426810122619 0 14.957335607598562 0.9730767631148969 0.9524422035106086 0.9105090435510671 0.8268988085327561 0.6870575029699859 0.45673866861129475 0.21067529642382735 0.0362813704551955 0.013580464249798339 0.00958002000742308 0.016035464448733168 0.0025397659964878716 0.013064814942030099 0.010864638909513023 0.01821915225492772 0.014770492587117635 0.009753070831940823 0.012380866702657183 0.023276798425776665 0.025472098898200023 0.020178838237624872 -0.003688206822649636 
288 3744 0.009777215704714312 0 14.845993413170653 0.9726366162169043 0.9588254005463072 0.9193573446797204 0.8463478699913459 0.6990573386065856 0.4886810399396659 0.2561025867120007 0.057822455018235276 0.009762212296782211 0.013153861908344272 0.013499155382528074 0.014442992573182654 0.009924473121129632 0.023667618366137965 0.014390729486891296 -4.460405937722293E-5 0.013971109563017073 0.013835517083723511 0.007768528202251424 0.029587691233104722 0.008817342181125539 -2.6156549875729594E-4 
298 3874 0.009501711598294549 0 14.576267034620999 0.9870163091944048 0.9752129657314632 0.939522930147224 0.8697754463753647 0.7573363370484254 0.5617640283190514 0.3079799864187238 0.08886452318248783 0.03200625048814026 0.012962158775878065 0.00832555535000921 0.006224202722539537 0.014595672005513774 0.013631687773609643 0.015318742708534661 7.624436031257564E-4 0.007069892499796332 0.01573726038529586 0.024756782475972842 0.0122953446904841 -0.006405106594119456 -0.0019862303728200364 
308 4004 0.011639457331444064 0 14.316531660126323 0.9849718505957648 0.978101340157673 0.9564618431404841 0.9183980623108559 0.8147824726478881 0.6543562086136494 0.4024700094586503 0.16137700407643232 0.030436423151862443 0.011268633311823383 0.008597313103180054 0.009313972427193663 0.024807881723032763 0.016654458319840755 -0.0021138695376952633 -6.536119236410336E-4 0.004358783439843694 0.023768340855003872 -0.0014641068021817014 0.020389204339333514 0.019479249579962613 0.00480444952982342 
318 4134 0.011977733769168077 0 14.160296139551889 0.9916556291130704 0.9668302172496774 0.9360834066760062 0.8889615241538043 0.8078230493900623 0.6572562344418224 0.44565140881507015 0.21246981607980764 0.03127922418081884 0.01727760250440974 -0.004712021454509053 3.6349404033218747E-4 0.025523167276504853 0.015039605869743577 0.016066715088860452 -0.003980271529494732 0.012012849113330833 0.007775881928200109 0.002746295454664156 -0.0029669138900880326 0.00618101219786646 0.004452289174950783 
328 4264 0.011403467412935837 0 13.930651542181547 0.9911337176360476 0.9822792988662015 0.9499686684194483 0.914327486545428 0.8353693621442719 0.7058132801762403 0.5082180077584897 0.2659845736152096 0.06050732083457784 0.024822613118460023 0.004170459444211002 0.0016126211913108056 0.01797800190485902 0.011601728059617096 -0.003948632786938407 0.006509119674447605 8.348837760459556E-4 0.004373834658534022 -0.0010034773535696827 -0.0046308624602093874 0.02750534502550609 0.0281379762912478 
339 4407 0.010045227170169545 0 13.65165489461251 0.9774572167278706 0.9756235472456422 0.9615242165860242 0.931345107671983 0.8682684656174052 0.7514223189960737 0.5642691667231035 0.31567618784819823 0.09452830173631842 0.03788318855806247 0.009032438694235756 -0.0063959237896750515 0.030543835266788354 -8.626585186250985E-4 0.01780170680473632 0.0129304355042157 0.0241539876716756 0.020759581398055834 0.0076625797786386875 0.0167988098662275 0.008519635293471465 0.009305228570801915 
350 4550 0.007417646456550092 0 13.507475520578733 0.9856778728890088 0.9804616130082381 0.9623701724154408 0.9350399393464337 0.8745476727186866 0.7665822280284587 0.5955583522426477 0.3473874309755232 0.1020016439984251 0.027544071728704322 0.004525912951690213 0.00954543269389349 0.03459989025891715 -0.0037925601930738065 0.010559774844063157 0.013991278281515026 0.002976314554057913 0.010565564401989622 0.0067723141941753735 0.011984225232786784 0.013021361747632777 0.012475269169658567 
361 4693 0.00918148298526842 0 13.402009682783149 0.9951889252998574 0.9970425813732962 0.9767649602937472 0.9475976536255042 0.8914498193367445 0.789570440101245 0.6280674600490298 0.36419460673366 0.14499469124852934 0.033043627868661836 0.0071792305824047485 0.016603119332857203 0.018807835337126162 -0.0017702360755555684 0.018963292970191333 0.011617171710687475 0.01968926859021669 0.010250176170779191 0.005358444329887548 -0.0016130587006914488 -0.0032523847643926504 -0.0019968151122158277 
372 4836 0.007558163972728409 0 13.241050573184175 0.9906710660613344 0.9829830723850577 0.972998581832012 0.9466630707036375 0.8914741106679391 0.8048323776060063 0.6352412676139425 0.39263620673243155 0.15670903994137939 0.02674467403437499 -0.008439568636570943 0.014892523977110082 0.006203036303833039 -0.006197839043673475 0.02002276836774187 0.00387200949178231 0.010240505904455086 0.012812243584450248 0.012318070407181164 0.0010961856126860381 0.0051680534067906955 -0.002640310501104119 
383 4979 0.008198135881026365 0 13.12276894427698 0.9880434926967097 0.9785041113421568 0.9712241059699498 0.9456355419206828 0.9037172592534559 0.8112331429753141 0.6746596062708782 0.4333488431915651 0.18237616081944763 0.04881196140662673 -0.001444042807695698 0.008027082943542018 0.00846764625467158 0.007326615769685405 0.01499194919756519 0.01018435017037062 0.01938363673189972 0.018308995011800902 0.0101627042331783 0.009028293021848172 0.0035196155667642365 0.011425131712518806 
394 5122 0.008031553398329321 0 12.949228063436486 0.9926791215632554 0.9927137031344425 0.9830137008270634 0.966794922787481 0.9203319383721036 0.8443442357262223 0.6970975082038415 0.4769265636179961 0.21052547094983304 0.04701405209943803 -0.004461612800372 0.01257545677850521 0.007777825255021755 0.009118955784626594 6.401145550000526E-4 0.013222801104090782 0.008439881304028984 0.015548629224110135 0.012805822016339601 0.00921576010135463 0.012315517415059669 0.004856626891463168 
406 5278 0.00750985988493863 0 12.816610655621703 0.9912461993338124 0.9943174175363692 0.9820652187718607 0.9542149097726871 0.9182533729426096 0.8519108210684609 0.722908341041531 0.5126039528236621 0.24449827797644338 0.05666922200275704 0.007737267548702487 0.015450668624843329 0.01560975403621553 0.02309984005083513 0.009305686916014407 0.0060223813609255605 0.00931933812545882 0.004728522483297763 0.0137074549379717 0.010794087536687487 0.012056659193376661 0.009747070119541394 
418 5434 0.00920089974459072 0 12.676735771151703 0.995446333644531 0.9846398619518901 0.9780521830744914 0.9721661375249135 0.9394490093125374 0.873998198199755 0.7584747625972454 0.5524970779020079 0.2936146950400731 0.09614369845478261 0.012674872808047449 0.01658799085157297 0.01045601765296331 0.02427155261705969 0.020430082152623427 0.005598798111192474 0.014516657503701947 2.2887635039441035E-4 0.015514848966574166 0.01316667965211872 -0.0054823206855346765 -0.008113450435598328 
430 5590 0.007442036166240925 0 12.385921052464182 0.9919674611459007 0.9925611439048028 0.9847525328040146 0.971577520702638 0.9435856719348519 0.8801441897718228 0.7659938797588325 0.589446057754224 0.3365448967206906 0.11158541991070833 0.024075381680166305 0.01307064857166473 0.0067241980102796355 0.010299208446380714 0.012678762235663225 0.011305399438179828 0.01469044420059908 0.007248332957138113 0.013315419444201147 0.00528691393765498 0.007423503183478466 -0.004914931805898916 
442 5746 0.011326750573462156 0 12.179567073453875 0.9963283337025535 0.9911797563629648 0.9822624058909172 0.9740527422644986 0.9544016326763589 0.9032953523212209 0.8048248127902331 0.6567521690647771 0.44618073541741204 0.18117873802927634 0.03887589804201057 0.003945207306980202 0.016092267400474165 0.019077876879907966 0.03655635825720862 4.667469273913361E-4 0.011258699191100898 -0.0016201495678853802 0.014821908524580703 0.012222279298778192 0.013929530804771408 -0.006051611587407786 
454 5902 0.008055352522362275 0 12.124248786863728 0.9945141278215905 0.9947296958812922 0.9844148409773601 0.9821653208548355 0.9541958061181854 0.9028849179328268 0.8107320264498752 0.6472178121025911 0.4119872625131111 0.17967605810984147 0.049994542051013 0.008230152803303713 0.0227891117231831 0.016902300637957647 0.013383472897066642 0.014730363143395885 0.012022853678726013 0.008136415692942827 0.008211078308553927 0.014764885702785417 -3.639592044770105E-4 1.2125425979424753E-4 
466 6058 0.009973660705438718 0 11.95796751981544 0.9997209168892138 0.9865119841844024 0.9849525330417401 0.9908516399787474 0.9673549786498014 0.9287246664851838 0.8600273856258284 0.7332788408119085 0.5322876690625291 0.2607456482958098 0.052314424583061875 0.00758633165531289 0.012931144051658808 0.0018762522530078876 -0.0031109087986525216 6.667277839392544E-4 0.008980126871965765 5.071399972054955E-4 0.01849343539738742 0.0342620923961333 0.010023714752474532 -0.010809407597568575 
479 6227 0.008018129154186664 0 11.682135975081005 1.0031135284383763 0.9991463796417492 0.9945322177098505 0.982485908750389 0.9698334333319785 0.9279821949206636 0.8710192898980953 0.7476865563166387 0.5584682502698143 0.3039437272727372 0.07310607170198456 0.00850060467565691 0.018966844650652147 -0.0011627295735543459 0.015266663916539127 0.01064009656524968 0.019074722224613164 0.005664685264198268 0.019549965253695303 0.025552689153193992 0.009154497923180257 -0.00653432780542425 
492 6396 0.00691474865258114 0 11.502100321523967 0.9940739243404674 0.9941049106786325 0.9891102362816866 0.9813724450771903 0.9608921743679434 0.9299710893292674 0.8762120582437225 0.7599647204595209 0.5796606483526571 0.32575324704112263 0.09940379179961716 0.015404754471360095 0.014539157752005424 0.0034388447175775346 0.023821722205286812 0.016134556156354972 0.013971501164199152 0.01690684251623692 0.01095276944590852 0.023806027396954425 0.010846108377337916 0.005399764664971257 
505 6565 0.007824530430529799 0 11.32735078789393 0.993612417885215 0.9932445147897226 0.9890503426898616 0.9866911839117861 0.9682508182909434 0.9426748150978418 0.8778288709076191 0.7818900743563799 0.6149725756015554 0.36983258195673574 0.1343921396919778 0.01921922706875269 0.011187451867716379 0.007561022145128013 0.02171082023297164 0.006971796419276361 0.018910744307055145 0.01564079806129563 -4.120491971945639E-4 0.01880792337821991 0.011179447592573439 -0.0012677821260815257 
518 6734 0.010914620015310465 0 11.211995314728847 0.9926954208295662 0.9870375936925033 0.9764969673591585 0.980571010514862 0.9701660116695577 0.9534109321069089 0.8981934432690721 0.8302631308641263 0.6787701185751196 0.45736947213630186 0.20522573928509333 0.022874688992303407 0.017054164251089382 0.013801959237677644 0.013125026421316386 0.002778830107184301 0.003488093233684402 -0.003382157383170874 -0.0033090211671411808 0.005063404912500992 0.0025420082256295967 -0.005016200857388484 
531 6903 0.01061506140875707 0 11.001167310795374 0.9945872522922516 0.9912634450079016 0.9954865671779262 0.9901487834568148 0.9775455451651157 0.9478569788526693 0.9236152664977693 0.8494102302922699 0.7060039817475132 0.4989641279877752 0.22876248130255084 0.06014064732276796 0.023638687989425037 0.010855310596968298 -0.0019000503111937976 0.011172766365400712 0.022299572507558877 0.008822612000657568 0.002877700495929972 0.010290123530651087 0.016961481741095207 -0.020405158061293463 
544 7072 0.008794635933169192 0 10.671085457888202 0.9965085776469795 1.0009603204378041 0.9986679339154759 0.9924440381368148 0.9799188964544887 0.963773293352966 0.9292112593322198 0.8697113053592668 0.7562971956355742 0.5577005329088053 0.28961544355520025 0.07214002803831265 0.020827532214491042 0.007287728830899698 0.01809703219221962 0.012109437873671636 0.009157549902935692 0.014221321414168719 -3.8191499094193584E-4 0.005027185397554212 0.003514183621989218 0.001475308391719131 
558 7254 0.00792077824363631 0 10.5496314372911 0.9976643030445904 0.9944649427796758 1.0005453193728113 0.9965243165294068 0.9863766483545312 0.9699503864818773 0.9363339935817476 0.8730393258807293 0.749299348983934 0.5646294379612021 0.30723141908943224 0.10057339716340327 0.011583542347304084 0.008620943003957248 0.022251123705240673 0.012181766222994557 -3.2602038609524985E-4 0.014456038923059128 0.0058267448496701684 0.01244921903069723 0.013423449677747893 -2.0206547628578942E-4 
572 7436 0.005813829996268353 0 10.396670970032474 0.9957988273365553 0.9964061808745873 0.9950237659039485 0.9879628777092195 0.9791498816380864 0.9702725471203596 0.9352537796670877 0.8803979035301477 0.7737605016888209 0.5911476412162774 0.3453087940917956 0.12390525682665307 0.013226442202033686 0.007118208342901845 0.012375121920739796 0.011572117862299326 0.002207220557886685 0.012058050896730402 -0.0024935590139555804 0.006664716928443697 0.0012912613507291924 0.003735406145976148 
586 7618 0.006508868139534868 0 10.22312517470563 0.9946147521981391 0.9984697608449551 0.98881653050392 0.9882488496644808 0.9811239432934398 0.9700873386607738 0.942348153850978 0.8903818027264292 0.7994171826956727 0.6373972446058161 0.40356183378759003 0.1511756206633385 0.022805179336655764 0.013781312267681794 0.01572294276209555 0.004778082322936626 0.002933858581495943 0.0060531982745587985 0.003995756427338044 0.00602669671567709 0.015053945831690913 0.010113373986293143 
600 7800 0.006308070972124611 0 10.05585882715271 0.9921129541178506 0.9971518243242404 0.9989807028666199 0.9975548619172734 0.9897316056096165 0.9794002402674847 0.9566368791081477 0.9067905339653555 0.8245835206301849 0.6763687870767934 0.44891403939575303 0.18428076732852688 0.02952065802860354 0.007727496232092082 0.011265289312431415 0.013032627228525016 0.0020478695709079055 0.010400399232989504 0.009298161858050196 0.01294768822100437 0.007960692921247972 -0.0022627958931792642 
614 7982 0.0063136458457457275 0 9.870318609511639 0.9975216325298227 0.9934729181481322 0.9962510097644531 0.9934602358001751 0.9910662055538708 0.9832448432812791 0.9648061687340532 0.9256314880012919 0.8471405568002849 0.7092363415845845 0.4884725708016256 0.2279372018913589 0.04884551948642305 0.008790450624334705 0.009831387888240896 0.008856811113382239 0.003551995958935396 0.006148832015539963 0.006204975302910762 0.012782783348308006 0.0056761742511826484 -0.005289113085383058 
628 8164 0.0070339726904476525 0 9.719607857295207 0.9960065941037387 0.9964659652345673 0.9954749808158697 0.9942613520227963 0.9932009526038577 0.9865746700702586 0.9606142976639468 0.9284363128189344 0.8597920468875949 0.7324739198629483 0.5433673604262927 0.280840505040921 0.07140363593700982 0.016912101716007898 6.418402650196896E-4 0.01232104660089502 0.013778022027113465 0.006555214708131842 0.010671574325084095 0.0035368373302378056 0.00754889516156956 -0.021215879577402647 
643 8359 0.008622922819661044 0 9.50822554170125 0.9985100189351143 0.9981336573944767 0.9955867262970135 0.9970506449183918 0.9875091933550612 0.9820610647108129 0.9620569730970082 0.9217766258271252 0.870041362186565 0.7610387274735853 0.5746420260264634 0.32069134839522784 0.10628995776229065 0.024699051408921816 0.011510625387802096 0.015467031785245305 0.012810475429436054 0.015425426667582297 0.0036406417261167726 0.005467600176392021 0.008661157383887124 -0.006800776829446363 
658 8554 0.009522347934205418 0 9.349246672926206 1.0033502501193021 0.9916942841845657 0.9936625840084641 0.9926552423062136 0.9864635781442928 0.9760002309983101 0.9650072324250483 0.9370737060859565 0.8871237306600434 0.8111373437465573 0.6551753262636932 0.40488144697959294 0.15108877954872196 0.04176009892491527 0.022629952634489053 0.013193719542904653 0.010353346695520297 0.012565289316331881 0.002132718875767544 0.0073610928116842455 0.014593201475814267 0.0014639935187470473 
673 8749 0.007581492447044363 0 9.073462345769501 0.996823858421158 0.9949201668027583 0.998767035024782 0.994910139059239 0.9926486541499293 0.9922083139312038 0.9737793952948267 0.9440146243808449 0.8972959759680397 0.8173808971845494 0.675741311478239 0.4499666558243259 0.18932375022521672 0.03533210825817599 0.008326386890814799 0.01505842277642024 0.004606536860719993 0.006181324604833938 0.006874768549485413 0.012104759598062257 0.022198165322436916 -0.006528536285462373 
688 8944 0.006385207246541034 0 8.897078179921039 1.0014442419652185 0.9953533680130054 0.9951651899748861 0.9931402661292359 0.9900495384300542 0.9823777807613876 0.9804304767217187 0.9567597590466301 0.9196918465732713 0.8424048043683054 0.7082788118130604 0.48744185924844613 0.22979082170549756 0.04929930853994512 0.013688671970255206 0.012210479817088393 0.011653386625603532 0.003828583175310657 0.0022873650293799095 0.020645612878064143 0.00852242492918734 -0.006847806943325156 
703 9139 0.007377911940781247 0 8.638404221326127 0.9999971898813663 0.9998560842516118 1.0001075773982553 0.9927444642727447 0.9942840416174769 0.989532863564281 0.9830163216968149 0.9653186658918123 0.9291539629954707 0.8699062254763186 0.7519805911240791 0.5609606489117032 0.29807201767634584 0.08326460157454538 0.014058192682316355 0.013543743670903616 0.011078572936844954 -0.0012477185818646356 0.002443235429940331 0.02123394755515804 -0.003940137661954721 -0.00571500729041678 
718 9334 0.011370696147511824 0 8.483541586392747 0.9888644768453398 0.9958091578314174 1.0162155539860933 1.0033056044638786 0.9970411318777684 0.9860152767347319 0.9780054383063885 0.9767488923610238 0.9431547579163324 0.8912241068622729 0.7977019635445484 0.6399154770511066 0.4096897702290536 0.15093554579594914 0.020668898415816102 0.012352901813061512 0.011333885247732975 0.008652052392345386 0.0055762532814250905 0.029422085608423444 0.0026835906261490684 -0.0010482156395111688 
734 9542 0.009938720927404663 0 8.19206923064882 1.0107556723416777 1.000992119724809 0.9967260121665131 1.005323511349598 1.0009083566025414 1.000965441814501 0.982909064891731 0.9703169630632623 0.9462605338743937 0.8984288533213995 0.8189833906265579 0.6667582570705595 0.4583065197308432 0.19846740336506816 0.027580544497922223 0.015322434424508818 0.007933420539990842 -0.0013585027461363829 0.010503826827170128 0.01566119259320245 0.006358171764307923 0.014938604134397439 
750 9750 0.008048183400301787 0 7.922369189969544 0.9937568384139314 0.998888223425023 0.9967418589886342 0.9981252017076634 0.9968348273106642 0.9949759831467856 0.9896919482890474 0.980715081335788 0.9617460422757979 0.9248563844813423 0.8564779383146132 0.7199993975756719 0.5114744488432056 0.2406572079157542 0.04820359159214859 0.002863133115394396 0.010113942246348146 0.0029341913374157417 0.016298352273597314 0.017030557943229142 0.017887947350378932 0.02008092622993008 
766 9958 0.007763597737114231 0 7.70043250903948 1.0054903338190195 1.001914463961798 1.0017817639096187 1.0065119245909404 1.0067163685014253 1.002987199103039 0.994297469926206 0.9785023496995919 0.9563503029094624 0.9212629035850493 0.8658456077214023 0.7473059331385262 0.554528119927503 0.2980035807239074 0.0767061916178295 0.01322073819802003 0.008785134751831954 0.0018974174014505189 0.01797611303708114 0.015372470063738253 0.006529571850342204 0.011287651935752296 
782 10166 0.006567679845813941 0 7.562009650150079 1.0032044202870876 0.9992276874428494 1.0010118942721542 1.0030800402087292 1.0036406815209427 1.0023489650433752 0.996621940538034 0.9846763515717354 0.9679447014442065 0.9361975848957474 0.874526464582535 0.7569825338459814 0.5747563730652749 0.3215737562417942 0.09139000697983013 0.007559473645973266 0.004685763850206811 -0.002489996731158708 0.003317358787360382 0.007402481743432483 0.005802203956780462 0.0052014013884240755 
798 10374 0.011065820755721647 0 7.315173266246468 0.9979725470354738 0.9979426761966727 1.0016753716543683 1.0084553276934243 1.008061480710364 0.9993621451876665 0.9926217582297515 0.9832243613973829 0.9801323139444483 0.9464933118951565 0.8927309247566617 0.807174061337924 0.6557915912439983 0.4145661334227754 0.16544394180222724 0.018561476396810123 0.01203669397637824 0.018772121977549468 0.021455477199028183 0.011464177882845403 -0.00944720518599966 0.0034367285479003956 
814 10582 0.006983328747218018 0 7.129816537152161 0.9991265051561857 0.998493149793275 1.0008941219236378 1.0026567750355893 1.000262057570339 0.9977763450102985 0.9902489078082981 0.9882732129356185 0.9756896512814874 0.950861303707931 0.9001245607259178 0.8140337806756083 0.6585448387225324 0.44071389568219504 0.19089933902126485 0.021760789735529005 0.009255820842838953 0.012291687483734638 0.009275799603998991 0.00886777279683123 -0.0032130718478866013 0.01662672407010065 
831 10803 0.011126596926490736 0 6.850379385804084 1.0023022685984686 1.0003477033151682 0.9944828582162532 0.991833144253109 0.9913409869172475 0.9907455805725617 1.00158465084959 0.9962452193071578 0.9842510295433246 0.9670188104427625 0.9289871202577618 0.8698725510720335 0.7407943297991287 0.5280422167680806 0.2717740513806416 0.06059578838606964 0.021621236543385578 0.010917604014192697 0.013841193441258795 0.007238049311890673 0.003941215218775582 -5.897652050953937E-4 
848 11024 0.008222709004484867 0 6.554755558737838 0.998272593245423 1.0011632540093236 1.0015225103629022 1.000914442025467 0.9928620186929312 0.9976743443429347 0.9959495359889904 0.9933978642694328 0.9868301778362965 0.9693334990165126 0.9413917201454385 0.8774681986454869 0.7620278095220518 0.5787240370643681 0.3275510549786055 0.09433172576384018 0.012270325660670526 0.014918877147342148 0.014584021289932537 -0.0026351792045132185 0.003870274973871342 0.006405079584952357 
865 11245 0.008081765425331764 0 6.331028139714022 0.9990914727935493 1.0032843314842066 1.0057333593155844 0.99970539570244 1.0003810114479175 0.9984835011090364 0.9958995630659238 0.9930613415802083 0.9883983882373732 0.97565771634505 0.9421662946547542 0.8796829819165867 0.7828465629322688 0.6225577300913971 0.3852763844067719 0.1391985948660008 0.021336201289661582 0.01403834666906588 0.017577746758594293 -0.001699122342006045 0.004417423088863878 -0.004715086136998252 
882 11466 0.01091871437300901 0 6.1253323362000085 1.0049075012502349 1.0010383476041884 0.9969187965412244 0.996046694519818 1.0088631440646663 1.005930917984231 0.9973673830075707 0.9897950801886226 0.9864293590822552 0.9795568670193894 0.9533949308962079 0.9141392399324086 0.8242051492479535 0.6747829478831241 0.46212586802027766 0.20197485626925984 0.046346822883232316 0.014392830531411323 0.01921104453823159 0.019367175606166288 7.283326246175195E-4 -0.01837053659879802 
899 11687 0.013196538575526336 0 6.061024842115268 1.004607921795791 1.012424947149158 0.9939150938138004 0.9901744532115297 0.9861051332065588 1.0029208468248714 0.9931369120656073 0.994446587764171 0.9894249352706741 0.9740772985824395 0.9662424925892804 0.9180189895148358 0.8526727325683453 0.7248704077298311 0.5073471782632732 0.26085466649660977 0.07644245822220556 0.0305812607977412 0.008301892522451018 0.016456683817857396 0.010678726496882235 -0.011311883307887297 
916 11908 0.008380513079110932 0 5.650825079753581 0.9932073709210727 0.9997060221565133 1.0015501628499606 1.001569492327479 1.0010403646979136 0.999252037233886 0.998381656402186 0.9967585303603204 0.9892509489229169 0.986440383199714 0.9780001388842142 0.9439486882759726 0.8858398978514118 0.7768208716607998 0.586308144891234 0.3211977168811605 0.09269192251802405 0.024778417131096856 0.014194812422369876 0.01616879306712849 0.019301023275369526 -0.015168953047842158 
934 12142 0.007879534307102939 0 5.423341101082416 0.9986833388123059 1.002064554337235 0.997962485803997 0.9975152887309275 1.0000526362892008 0.9993226010100463 0.9925611787162434 0.9939233137150787 0.9874153321242568 0.9792768513192569 0.9642103122247124 0.9381565998055585 0.8836233508474745 0.7807361999858615 0.6093602605936242 0.3688420145749389 0.12021240680092797 0.02456784871036099 0.016350967252146405 0.016911366241227438 0.025011684731586825 -0.010388040575587102 
952 12376 0.011272719091438258 0 5.251869977931942 0.999563958986426 1.008303695208115 0.9945450143423383 1.0000309987538196 1.0005995296935697 1.0038096049108576 1.0015430589462397 0.992404897642675 0.988543271007176 0.9905691906733921 0.9748074144321759 0.9525631936562957 0.896796638337702 0.8190608662838299 0.662940150227468 0.4413209583002897 0.1822955999945021 0.027344428349712024 0.014351563342378831 0.023398732928772918 0.018523951223852822 0.00656375083458045 
970 12610 0.010156024618912041 0 5.014747769516175 0.9968765980376084 1.0009969413225768 0.9957169852524449 0.9935166495343389 0.9882294747277859 0.9921283868466683 0.9937448025039053 0.9927370355428639 0.9879197179655739 0.9860036491069011 0.9761554222046449 0.9504481965290844 0.9038045753816509 0.8415393194840861 0.7093857407777385 0.5109927128653494 0.24399093891147383 0.04526879994573044 0.001092357103261225 0.016210416683553552 0.015968346014186535 0.010274247888831568 
988 12844 0.00638481888552018 0 4.831141555122031 0.9939793088834354 0.9973249003250616 0.996000239595041 0.9993217406228719 0.9964574390854124 0.9961823421811771 0.9962263829748641 0.9953045648937183 0.9898282459459815 0.9871542028510802 0.9748383793880684 0.95415650762436 0.9173578430578685 0.8501754503661696 0.7163436121073129 0.5067993845090322 0.24754854966328457 0.05856619548919214 0.012512365776946461 0.015411982692934175 0.009630278252839863 0.004465589762415522 
1006 13078 0.007889770735797799 0 4.645163902837013 0.9992438542120097 0.9960551121093718 0.9993885449250706 0.999654997287665 0.9978620016962758 1.0005996333869083 0.9965250845048066 0.9974912950190465 0.9919638431968975 0.9882446980679632 0.9713025862570211 0.958124286346106 0.9284904000410815 0.8698337471862636 0.7604120878210838 0.5665825475706342 0.31018779706627875 0.08465942770121605 0.012977769577582166 0.0025411929503276615 0.008669913252157057 0.003429981035707991 
1024 13312 0.00700197029633886 0 4.480201599924767 1.0016686304050815 1.003728376409851 1.0050571099747814 1.0063146473386073 0.997207505037802 0.9989154375757139 0.9997116415883525 1.0001393906508027 0.9986654451141883 0.9930757969893512 0.9808430956499508 0.9621751659929236 0.9360307020326384 0.874162703245383 0.7668217103047458 0.5870952078274959 0.3466246430493316 0.10806921981336208 0.019499908650177426 0.009930173106460678 0.005820963963470371 0.0050484123792757 
1043 13559 0.007366309836811787 0 4.2732872096582435 0.9965420889740757 0.996601144850624 0.9981664953095396 0.9967460477756326 0.9977643045470398 0.9946857473520413 0.9973190911557673 1.0012836934260074 0.9960676289293536 0.9978059793478824 0.9891368410539569 0.9725253531398058 0.9476810273111602 0.8986620520840095 0.8127546849400544 0.6498302384232059 0.4078570988876302 0.14864745278605324 0.028579373795459304 0.010678375303952565 0.00885521623317854 0.004321716837997411 
1062 13806 0.011515332918448638 0 3.9710923006028063 0.9993342526552703 0.9963693519225156 0.9933769989243971 0.9989735557371523 1.0035137971653092 1.001650593923156 1.0002643082306735 0.9971607828329189 1.000699796799429 0.9973392201398235 0.9868974078014201 0.9802977315264558 0.9661887894513377 0.9261160150507024 0.8437478960279331 0.7001739519733625 0.49079529761329505 0.23162370600094237 0.0493290826728902 0.011503754846646166 0.0036904458581984954 0.016046879363810093 
1081 14053 0.013436620806781605 0 3.6838110796364876 1.0029898447109082 1.0002731807668561 0.9978856890283984 1.000575368833332 1.000707181746872 0.9992608800359738 0.9962914925488519 0.9999174150591844 0.9970184393391025 0.9889004546402487 0.9877676228309722 0.9905681263320154 0.9728766414542644 0.9340868250928257 0.8754322135354499 0.7489642733665174 0.5789483736284011 0.33788376381334156 0.09491971859417363 0.01996765177655199 -0.0073236610664064155 0.0014593993058135825 
1100 14300 0.012203478655269108 0 3.344523827044707 0.9986019850129105 0.9960737645086313 0.9935298757722513 0.999328139067077 1.0023469264904354 1.0038744833391802 1.0036131769819978 1.004044338339818 1.001835541124027 0.9960052284265466 0.9909053441672624 0.9831770298256536 0.9584338766024414 0.9415030600979294 0.8929425876115871 0.7905080395341993 0.6304927332274323 0.3920466715197481 0.15026525200270074 0.027032850233753566 9.357018403356419E-4 0.005992878230869445 
1119 14547 0.009413909491377376 0 3.165827401695502 0.9947977124815495 1.0002138207274849 1.003454068371989 1.0030039827951882 1.0069124614775493 1.0032990132109068 1.0009105506635523 0.9985509116615572 1.0056296306834158 1.0064887380986374 0.9982852697357107 1.0005236726895292 0.9855665746444432 0.9644050729729453 0.9198281026370572 0.8333182885538667 0.6969275520480899 0.4742126292214791 0.2015351435983669 0.0327806778251418 0.007208353566184537 0.008451285720773593 
1138 14794 0.007176010868460788 0 2.909917767419717 0.9971377393168892 1.0018886192247594 0.9985478079388358 0.9988064885882187 0.9998890480999564 0.9975602184702724 0.9999853586966634 1.0035763825373576 1.002637720779367 0.9994358649335365 0.9927326038539186 0.9940604086115847 0.9722369484706703 0.9557959994509996 0.9204587140347013 0.8500669399243671 0.713843806729239 0.5075463319042036 0.2462695471890911 0.05180728238479401 0.012035158673658553 0.003352731648701736 
1158 15054 0.006791380477004639 0 2.6973739573846336 1.0036513208182303 1.0058668661274686 1.0024648248403465 1.002730402395029 0.9992106909231405 1.0012969308942896 1.0004418802224169 1.0040166494603793 1.0037929822005127 1.0046724256619464 0.9982173242124022 0.993920259140895 0.9845901400759701 0.9661142863891665 0.9342594936695107 0.8658073399037391 0.7441555362442571 0.5435649526317311 0.2867761792303775 0.07971714828642361 0.008232775382206245 -9.309475401106928E-4 
1178 15314 0.01257829016188719 0 2.457921464142755 1.0011103675559079 1.004374180060223 1.0020554545730018 1.0062153180843225 0.9968059368650757 0.9994727692609545 1.0091418315618912 1.0058927640720985 0.9963044916826144 0.9976231232808145 0.9961532418977689 0.9893712287954115 0.9835287832328244 0.9705736200565138 0.9459892330802309 0.898649059058673 0.8060927166534276 0.6422440255581846 0.4017567305275189 0.1308036734689197 0.02721736201934488 -0.005264465726850938 
1198 15574 0.014414495417821497 0 2.0270639694556767 1.0017007049859772 0.9939280043852462 0.9982570422193505 1.001052241920244 1.00640196489343 1.0017350741709412 1.0059338787403496 1.0000416303902877 1.001761500367927 1.005381225649431 1.0086913709599785 1.0044068533508428 0.9920072839478785 0.985106404787604 0.9559476708662117 0.9062230428644389 0.8280046178656552 0.7020802307345626 0.4955730641067093 0.23386041284455378 0.0625723009276951 9.479193385587625E-4 
1218 15834 0.011315937079968955 0 1.6526647547851154 1.0003908879122447 0.997399488711459 1.000764842886072 1.0054856657992826 1.002778333943064 1.005338021094505 1.0031887766939733 1.0019132158898962 1.0041884310509224 1.0032702419270052 0.9965199261677312 0.9963578676194258 0.9941791214809002 0.9904987113354506 0.978478662648545 0.9511611032778275 0.8864936070170019 0.7808199281846206 0.5957620524400938 0.3330765551738453 0.09797716530723531 9.999108342477036E-4 
1238 16094 0.014061351233174035 0 1.484723871678717 0.9927949437886658 0.9894001110154472 0.9971994410158057 0.9949206803358526 1.0036026078010243 1.0079370521731559 1.0109478408603925 1.0084589335283063 1.003186071593092 0.9978606262885036 0.9981481515138626 1.0000148527192132 0.9999705158785123 0.997717846302313 0.9925107522734486 0.964443748596134 0.912580356904137 0.8108244771826053 0.6535656607386063 0.41393583710791176 0.16668945210225758 0.009234260351070566 
1258 16354 0.013478458510721476 0 1.2570868472231016 0.9939254552400706 1.0007085300517666 0.9993474239213366 0.9987410931299827 1.001687605843633 1.0093237903292964 0.9996194566912836 0.993054958023644 0.997469708844082 0.9993123695631294 1.00528769144979 0.997575779479766 0.9992700397495138 0.9952526690417842 0.9864385568365569 0.9553291015792765 0.9271198096661164 0.8553077736245058 0.718581993312058 0.4983151885352972 0.22297846098496663 0.03457902858743827 
1279 16627 0.009566388931571966 0 0.9366518625573026 0.9967181738703208 0.9971541511255015 1.0012983650910836 1.0040530013975777 1.0043291409219843 1.004395926234519 1.0015725075207573 1.0011157244203033 0.9968423012977277 0.9968442701134513 0.994750629948406 1.0031622552665427 0.9947493856425521 0.9934545831696833 0.9922440765764791 0.9648710865117401 0.9294666540967117 0.86628246147692 0.7413387133134408 0.5399912747863493 0.28791807808306474 0.07166166215113942 
1300 16900 0.006475525991022029 0 0.7929261119501098 1.0002260836459367 1.0026682176850708 1.0005478021188265 0.9994305682614216 0.998090237713693 0.9981909128158243 1.0035979488408375 1.000982319094134 0.9990497443718649 0.9986580375271346 0.9985988234323621 0.9974517631350743 0.996793298433488 0.9954081197305396 0.9816853649590292 0.9619203884620812 0.9295704953203351 0.8629367785012908 0.7455680492306874 0.5612634154349857 0.3112261353963352 0.08895266352882156 
1321 17173 0.007855177241394356 0 0.6953000815157899 0.9975345197752346 0.9998328779459268 1.0005972983982072 1.0007506433225992 1.00175037910748 0.9998773124867334 1.0036608707928996 1.0003896198031255 1.0042587565445142 0.9999681817037834 0.9987880664337518 0.9994123763332203 0.9995878808524233 0.9926849502978424 0.9837556616712777 0.9718339945394969 0.9444237078755531 0.888904795006229 0.792388355520537 0.6151034459515691 0.3626754964477906 0.11982495928503303 
1342 17446 0.005806185729043328 0 0.5753973512779589 1.002090718573938 1.0008391732997246 0.9991303076029895 0.9993861589520838 1.0010643175872778 1.0035644485853932 0.9999947796460207 1.0002707780699132 1.0019192042651857 1.0022385446678044 1.0005035174048373 0.9988613532879561 0.9977070793353171 0.9913535045667121 0.9862869619852337 0.9728645408160895 0.9475411031681835 0.8953765668357846 0.7973168820758144 0.6409495314874977 0.4103258446804838 0.15273710084345987 
1363 17719 0.010508277560298106 0 0.45607839651974386 0.9972579018377112 0.9995011544988676 1.0014025723438544 0.9996451942654316 1.0006040197943133 1.0008756424748797 0.9998756606021337 1.0001387159234079 0.9951700769265202 1.0008045387134337 0.9984621396484886 1.0001769474173212 0.9988522530545988 0.9932870550339589 0.9912581749905983 0.9806739445507436 0.9509926156059126 0.9196694016942523 0.850095347414858 0.7293581549709266 0.5228309980838848 0.25124348792148327 
1384 17992 0.00842637605524059 0 0.3388037455354154 1.0003964935970888 1.00444632335019 1.001160101662213 1.000306876686962 0.9999564826824969 1.0004817667382853 0.9966877065394371 1.0015750975744293 1.0044662553483648 1.0014390015629542 1.0033686425826926 1.002759931409903 1.0018340197070217 0.998417460231758 0.9908710570712015 0.98022817387611 0.9610501441746518 0.9332962517171917 0.8741319988574422 0.7619309304714392 0.5699911195038038 0.3103309451519447 
1406 18278 0.006208059068230456 0 0.23811302071828294 0.9937005897764358 0.998309341679006 1.0023576859835448 1.0014721481805415 1.002043564340748 1.0003229156011704 0.9993962778335199 1.0002293138157559 1.001273128234231 0.9990064926158104 0.999884238441523 0.9987529214376145 1.0012266202961135 0.9976836206296265 0.995047830783811 0.9876535291701016 0.9735317763094793 0.9471895712640181 0.8899809341356634 0.7891952869823097 0.6259764180347092 0.38379350223486014 
1428 18564 0.0050561929897287965 0 0.1800411318624494 0.9948716203544498 0.9968408927237309 0.9978055719902109 0.9987351818501322 1.0005984487681594 0.9999210461835213 0.9957538539884686 0.9980012987408913 1.0016448289415918 1.0015525773939875 1.0036187649527324 1.0012571818982539 1.0001782375946593 0.9979863110898666 0.9942840664416243 0.9871842831678174 0.973033366488756 0.9522702410956052 0.9098652972894001 0.8250177501685468 0.6766797775553545 0.45192208684611584 
1450 18850 0.004915266886827032 0 0.12829866840514104 0.9995976183916708 1.0025115868627814 1.0023043855759957 1.000224948675087 1.0009013949451118 1.0044096886907012 1.0029214137998541 1.0018068864953502 1.0023697937947715 1.0009877276698567 1.0018347446609885 0.9976297281308476 1.001083053131265 0.9980894895010447 0.9968884238614432 0.9931564932353777 0.9826217796092803 0.9647748812062152 0.9268190565956039 0.8554525288086346 0.7294011792132775 0.5271941156545288 
1472 19136 0.006354527564293629 0 0.09174991692091293 1.0011754665911536 1.0007517912259662 0.9992984913359232 0.9996851467557661 1.0014231421667885 0.9991764100044324 1.001407952615142 1.000917079273578 1.00270243508115 1.0019950210858442 1.0029536376461439 0.9982114086907025 0.9989696792258537 0.9951776329404587 0.9919652304298304 0.9905530147765093 0.9815820823638723 0.9661506139253986 0.9365597908055627 0.8800168003175156 0.7757176319201348 0.5978886988194202 
1494 19422 0.004375456524377785 0 0.051444199896944535 1.0015396361965556 1.0004125685495693 0.9996396465513271 0.9994642734304595 0.9978350631405137 0.9986957206243795 0.9970837206837899 0.998400891721792 0.9961637021315857 0.9975133885750419 0.9992661929624709 0.9995112630466 0.9980091902633179 0.9968979295516734 0.996018084707639 0.9942096287195771 0.9880344184239327 0.9772505839323291 0.953587417103769 0.909558965983214 0.8267435142443097 0.6811809680972363 
1516 19708 0.003335358808510688 0 0.03716010393672377 0.9989843490020159 0.9992787984980387 0.9989420075428131 1.0010116911698144 0.9982772371166708 1.0003315596278601 1.0000311747637047 1.0001258141334017 1.0007267696502782 0.9996292568608703 0.9995963642896201 0.9987157494158334 0.999175740924552 0.9999628651736884 0.9981753999454608 0.9939872802353553 0.9900927034019846 0.9813007130384352 0.961705718782781 0.9242191861286346 0.8527726791981137 0.7240714908115129 
1539 20007 0.0025174716001162933 0 0.0192821637193026 0.9993098241737544 0.9987635062445372 0.9988098766105197 0.9999000736994349 0.9976746376759899 0.9977503816298162 0.9983427334895262 0.9993561280785752 0.9992435707734845 1.0007022667227345 1.0009148237257524 1.00114241134004 0.9991210005669314 0.9988160893481088 0.9993581368486322 0.9972668970030802 0.9941480601022535 0.9873318464575243 0.9739311959553025 0.950422322207758 0.9033116992494137 0.8133984394212947 
1562 20306 0.0024923848561417346 0 0.008278049087407027 0.9999373776276596 0.9999492273448098 0.9993064586014672 0.9989563329982649 0.9996503813270605 0.9995194470679452 0.9982433426971887 0.9995986175396097 1.0007746266156523 1.0013546752303366 1.000128549156226 1.000011798942027 0.9999695512764558 0.9990072597303323 0.9986418155655276 0.9971114485052328 0.9965254769362782 0.9921931829373224 0.9850148237679696 0.969230169079438 0.9398560771360199 0.8819158129538841 
1585 20605 0.0018022309729884766 0 0.003692324174200335 1.00008396356807 1.0002292243452018 1.0004186521922451 0.9995074305624335 0.9991144724612515 0.9990541501887461 0.9995237044195511 0.9999937076134033 1.0003741939463429 1.0001360128702106 0.999715063624713 1.0002149273666352 0.9993533350807177 0.9998082379825084 0.9993980670225274 0.9988242697319831 0.9974084374286722 0.9944149235427391 0.9886328917917713 0.9782438043323812 0.9579853152919822 0.9164949413164376 
1608 20904 0.0011972235960403456 0 7.909867718095997E-4 1.0002314644675967 0.9998266916162424 0.999527052682428 0.9996350879968122 0.9999626038065517 0.9999601397976816 0.9999317527990967 0.999799831000775 0.9996349289014683 0.9997631039206358 0.9993979986909161 0.9996759048475696 0.9997381645551845 1.0002907523232563 0.9996800106494729 0.999874262228564 0.999866545101858 0.9985593198426491 0.9969458228230728 0.9938229200504979 0.9880682765219151 0.9767620574592266 
1631 21203 5.96168032352406E-4 0 2.3328309838530065E-4 1.0001485334602134 1.0001080102067563 0.9999532625515426 1.0000687313587746 1.000014995011373 0.9998624154148714 0.9999054230376909 0.9996766068456562 0.9997105221408706 0.9997052249226359 0.999699173234945 0.9996425773193336 0.999866106887814 0.999922622505039 0.9998798230385095 1.0001860253393682 1.0001968988081087 0.9999137267706341 0.999400943975189 0.9983235899223637 0.9960808799512865 0.9920676191985622 
1654 21502 3.2871819951746834E-4 0 5.117356015800391E-5 0.9998859680155918 0.9998339343204402 0.9998405976991539 1.0000135271840949 1.000055276840869 1.000054222877757 0.9999423490807593 1.0000274941673364 1.0002110385064455 1.0001691792845953 1.0000565269877457 1.0000391495344467 1.0000670107624134 1.0000047710451434 0.9999442098082796 0.9999051186066811 0.9998951468578066 0.9998063746826144 0.9997294982739177 0.9994246043755872 0.9988993879746391 0.9980792042173892 
1678 21814 1.3290465323860024E-4 0 8.269815379064118E-6 1.00001382652841 1.0000438582740963 1.0000411513297334 1.0000498625076495 1.000012487597891 0.9999866480925701 0.9999743583095567 0.9999603100928544 0.9999866363799439 1.0000076967701648 1.0000049556187693 1.000006828153191 1.0000199999323496 0.9999811077790276 0.9999092396902969 0.9999595027624437 0.999922768009292 0.9999034834940256 0.9998545828133855 0.9996003131483969 0.9991536796344281 0.9982126556018032 
1702 22126 3.988189071772096E-5 0 8.618660904246989E-7 1.000012751730637 1.000001008282633 0.999998043989434 0.9999971364868253 1.0000140059101403 1.0000083198849443 1.000005963420994 0.9999966318294047 1.0000010495927798 0.9999801280798817 0.9999859082724845 0.9999946731851126 0.9999898146002665 0.999994956891039 0.9999952461347199 0.999990486200461 0.9999966719138632 1.0000078718841807 1.000025301495078 1.0000767066928262 1.0001047605483857 1.0001763338290364 
1726 22438 2.0110139845642515E-5 0 1.9866111746707687E-7 1.0000030595456915 1.0000033199384897 0.9999963219473773 0.9999956892757805 0.9999986919987348 0.9999963091580908 1.0000057211486177 1.000011469936182 1.0000004329252443 1.000008801721272 0.99999912804169 1.0000024838363157 1.0000006406515336 1.0000042149223167 1.0000049274177516 1.0000028185224838 1.0000042687325323 1.000004512961935 1.0000143995496054 1.0000256136480814 1.0000631045593815 1.0001070249399815 
1750 22750 8.480402225373603E-6 0 2.5057600770365553E-8 0.9999999848997851 0.9999958255841799 0.9999975499966446 0.9999990052288142 1.000001320689116 0.9999974271346755 0.9999983295055376 1.000000477800611 1.0000015434349963 0.9999985593637847 1.000000062057848 0.9999996786439763 1.0000027069566586 1.0000019645811677 1.0000000717246544 0.9999998013728528 0.9999964092854416 0.9999956259812933 0.9999919989632419 0.9999840428076493 0.9999670882110427 0.9999301478388546 
1774 23062 3.6522061221616278E-6 0 5.586140659594572E-9 1.0000004327615564 0.9999989922954828 0.9999994410340821 0.9999993691335561 0.999999244839901 0.9999984522244799 0.9999983181652902 0.9999989936297107 0.9999999077038007 0.9999993962622614 1.0000009070512785 1.0000011002923148 1.0000001267841434 0.9999998081850404 0.9999996843844132 0.9999989782894636 0.9999984481844016 0.9999973516781472 0.9999978548106631 0.99999575840976 0.9999917366286364 0.9999876112433673 
1790 23271 1.739974035739674E-6 0 6.754756132304707E-10 1.0000000866934176 0.999999836064277 1.000000101820942 1.0000000248734584 1.0000004378239247 0.9999998632225123 0.9999999271424185 0.9999997269588994 1.0000001864653545 0.9999996925056349 1.000000156634307 1.0000001618455086 1.0000001878612061 1.0000000621287826 0.9999998970403847 0.999999459794366 0.9999992832554081 0.9999986163101064 0.9999977731275748 0.9999944616134061 0.9999890848266908 0.99997787970458 
