%# iteration evaluations sigma axisratio stddevratio sort(diag(D)) (square roots of eigenvalues of C) (randomSeed=1714053490369, Thu Apr 25 15:58:10 CEST 2024)

0 0 0.2 1.0 1.0 1.0 1.0 1.0 1.0 1.0 1.0 1.0 1.0 1.0 1.0 1.0 1.0 1.0 1.0 1.0 1.0 1.0 1.0 1.0 1.0 1.0 1.0 
1 13 0.1842425456716734 1.0 1.0128544548119833 1.0 1.0 1.0 1.0 1.0 1.0 1.0 1.0 1.0 1.0 1.0 1.0 1.0 1.0 1.0 1.0 1.0 1.0 1.0 1.0 1.0 1.0 
2 26 0.17126168660919047 1.03619141555624 1.0136977745086082 0.9950352405022805 0.9950352405022806 0.9950352405022806 0.9950352405022806 0.9950352405022808 0.9950352405022809 0.9950352405022809 0.9950352405022809 0.995035240502281 0.995035240502281 0.9950352405022811 0.9950352405022811 0.9950352405022812 0.9950352405022812 0.9950352405022813 0.9950352405022814 0.9966533649470226 1.000022238298605 1.000571361307279 1.0038489455557276 1.0155465736701814 1.0310469743844017 
3 39 0.15950126216398341 1.0462257434449789 1.0149182914820152 0.990095129841432 0.990095129841432 0.990095129841432 0.9900951298414321 0.9900951298414322 0.9900951298414323 0.9900951298414324 0.9900951298414324 0.9900951298414326 0.9900951298414327 0.9908226806355539 0.9910519405568006 0.9922344558069529 0.9934527523887406 0.9943520318456516 0.9963006102001907 0.997479471668254 0.9990430760701435 1.0077635658754043 1.0133486449252196 1.0194124430804634 1.0358630132996052 
4 52 0.15440516085551798 1.062184599448467 1.0234186642143628 0.9851795456419065 0.9851795456419066 0.9851795456419069 0.985179545641907 0.9852050105299305 0.9854749623195507 0.985686054760146 0.9863547154319066 0.9867042348846191 0.9871814617800698 0.9877557850839247 0.9887167147913104 0.9896401564741777 0.992748475814392 0.9939907407187111 0.9959625028910309 0.9987853072522714 1.0049650242719719 1.0098155196363319 1.017453052050993 1.0208975406438883 1.0464425410724711 
5 65 0.15739859405873965 1.09403108943828 1.0326325270073493 0.9803315268349273 0.9804660272127059 0.9805997413062436 0.9809446588866557 0.9813519448452405 0.9816398540668061 0.9821337386650552 0.9822694004159908 0.9827615094266512 0.9839116054902761 0.9849617395669747 0.9873516996341182 0.9891738397932572 0.9902960764727305 0.9919047172149924 0.9938596661066796 0.9968490126538924 1.00461551870503 1.0086696009155898 1.0181041608880237 1.0240044003060444 1.072513168313908 
6 78 0.15825062036685433 1.1159352844415715 1.0397626942175278 0.9758639406042805 0.9760653754041658 0.9762388876230714 0.9768815701275625 0.9773661869310974 0.9777649968540454 0.978042821062365 0.9796270130733017 0.9800095522682355 0.9814712605880545 0.9830543212107982 0.9849788084856248 0.9890478404244567 0.9894158804957692 0.9925754515280315 0.994953760365174 1.0029744465721342 1.0036901152360937 1.0156669033672956 1.0222476473824889 1.0382228292796836 1.0890010041345106 
7 91 0.1570438027387006 1.1411406424243458 1.0420100184183476 0.9713611749804674 0.97219778149167 0.9728287552362458 0.9730883655333121 0.974312838881082 0.9748269774391045 0.9754999225757937 0.9769611756749741 0.9790509651309401 0.980690121146472 0.9815638281109811 0.9844345793163887 0.9868538935437269 0.9883882500800691 0.98948329796327 0.9970702768439454 0.9986293654580584 1.0112330943534993 1.016514376837913 1.019678565678992 1.0381467040180388 1.1084597152432778 
8 104 0.1556331872177655 1.1570188351156483 1.0390636065164438 0.9674762280888467 0.9686983859721798 0.9693952639772083 0.9701012434066264 0.970689323440624 0.9714583158966571 0.9727761002569776 0.9751264661177197 0.9759833802980489 0.9782374140080407 0.9817875563132941 0.982566246726744 0.9837636481932479 0.986188625612471 0.9919678145966873 0.9968043444308211 0.9978469710628163 1.0089475618585275 1.0147224310728988 1.0222221046915965 1.0397249895026062 1.1193882184254387 
10 130 0.16032581908197632 1.1951657760365664 1.0442317971720039 0.9607006135945991 0.961243590314001 0.9615006360706876 0.9638841409944007 0.9652008526239696 0.9661633393596626 0.9672822188542175 0.9686719555288608 0.9715665362811576 0.9742621995032137 0.9758100230955759 0.980465484029473 0.9869122103855453 0.9906418102222156 0.9920744194903427 0.9951030400317653 1.0038536476830544 1.0088854333136272 1.02215621314177 1.0327321143592327 1.0435064677373262 1.1481964943855945 
12 156 0.15758014831750644 1.2244514636696202 1.0555632743098462 0.952277249718793 0.9537920180977468 0.9557109526864785 0.9573939990404912 0.9589954266712394 0.9590722050847393 0.9623493769696764 0.9650775505410858 0.9682223044540854 0.9705370292322701 0.9726273327728049 0.974925154347101 0.985055359607995 0.9865978023706088 0.9887777362991259 0.9976725194345377 1.0019419360020114 1.0080344140161865 1.0266073301141525 1.0385934431576342 1.0534543648464465 1.1660172722374564 
14 182 0.15872503331518242 1.2560434397640976 1.0663377203874866 0.9457710718455448 0.9464419107536372 0.948494792982895 0.9494249299270351 0.9516699704377007 0.9530000385342497 0.9554600253544256 0.9604541767200206 0.9641446677000712 0.9680427203048645 0.9705907282877212 0.9764035213598616 0.9791790990868556 0.9835573907874421 0.9941226330073062 0.9953745778253584 1.001576483381206 1.0188639556368442 1.0339862997764686 1.0492236324164348 1.058041471649691 1.1879295503102556 
16 208 0.1618177242069589 1.316658009919488 1.0727804217167105 0.9377553850803636 0.9402305099833453 0.9430116182470262 0.9441195360511492 0.9459916091800904 0.948947144043613 0.9512208258905342 0.9570368987730866 0.9615769894504149 0.9670427995476053 0.9725411615169478 0.9743524275475609 0.9816724925444111 0.9894432418881609 0.9904955372935754 0.9955248474384102 1.0002652670899543 1.0203143123612182 1.0302004342718387 1.0516571863585253 1.0538555646042904 1.2347031391111947 
19 247 0.17260371047650747 1.387982172119329 1.080273480972257 0.9286807137330354 0.9294777211556465 0.93274477734547 0.9378991782555413 0.9406910999891273 0.9425538780019523 0.9428257558676062 0.95356363781363 0.9557379880282578 0.9638299216471027 0.967329872032589 0.9692248960863784 0.9757712161246017 0.9799869358475178 0.9974114961676762 0.999138115087043 1.0070695623610237 1.014118215528583 1.033505328108895 1.0507840581493588 1.0520000994174092 1.2889922742525073 
22 286 0.14906776061634025 1.4277542501865081 1.0839694123535975 0.9185138727946017 0.9228151118909165 0.9281720767432295 0.9312755374098558 0.934993756984325 0.9386002857646267 0.9442758565177115 0.9486575685831762 0.950700582523917 0.9568677346699481 0.9620013032173572 0.9665527759246408 0.9739377038562156 0.9828486188892358 0.9905000614621636 1.003925399839709 1.011722446426087 1.0143006745830114 1.034164645402371 1.041596765859499 1.0500607152385644 1.3114120857377622 
25 325 0.12517054247017703 1.4315599729318695 1.081859849075192 0.9069549715558874 0.9166318719195506 0.9217415997548709 0.9238116706034418 0.9280983839376742 0.9346338806478451 0.9387547991141756 0.9423436020781025 0.9471121734909009 0.9484009131887653 0.9586362585075578 0.9620689990142405 0.9670369647030345 0.9766698104279379 0.9854895635709742 0.9997402670001497 1.0051600217237935 1.0109764050585943 1.0289470069282072 1.033285977212485 1.0484049968961386 1.2983604345309707 
28 364 0.1077539881755971 1.4478999944067368 1.0889023341657245 0.8977036649896066 0.9073045470921629 0.9134981561840484 0.9165793291810556 0.9248901038079745 0.9282499730656516 0.9317346933851103 0.9372174778437464 0.9402995664676239 0.9480748012883883 0.9532497392907877 0.95613031161869 0.9678145487203229 0.9709572131354259 0.9855992250639141 0.9990395785961502 1.0026006199963786 1.0131963126146306 1.0249186275786455 1.0470736589139178 1.0507526219023904 1.2997851315173585 
31 403 0.0966744153766634 1.4459926787803683 1.0924589862567649 0.8916123958977574 0.898785313737698 0.9072821733370229 0.9098756532128106 0.9185967548515354 0.9251703810598223 0.928211015997903 0.9299174286919424 0.938116310953255 0.9441595559181816 0.9460783100611809 0.956900232228227 0.9607712357633563 0.977699340602937 0.9850545321913193 0.9893244075620131 0.9986890343291129 1.0108499368271864 1.0387594506131792 1.0445273972626745 1.045509033662261 1.2892649967779806 
34 442 0.08414249351878716 1.4484600879490104 1.0901791834663175 0.8857364766594682 0.8950821699615852 0.8974876840541226 0.9074986046372048 0.9121823598854027 0.9184005717842271 0.9222489557521425 0.9271439725819252 0.9338647830983045 0.9395957409628838 0.9451366925666747 0.9529838751225888 0.956529686759134 0.9743009936037056 0.9821127600545969 0.985189547581888 0.9929849658005553 1.0066903390261241 1.032178389104537 1.0342179522508566 1.0375683381992273 1.28295393488182 
38 494 0.07785358616980882 1.4705933424104072 1.0888571358659718 0.8741927990192984 0.8833776841154604 0.89579881617108 0.900496366201515 0.9076200551824123 0.909458318277221 0.9168918813745237 0.9265676579894265 0.9270581904655386 0.9313148277578048 0.9419293443430994 0.9494291787281507 0.9568720941344789 0.9702017707508404 0.9738539183813045 0.9868736942555721 0.9889620493759324 1.0027485471571915 1.0269682487739278 1.0338308436919978 1.0375452932952063 1.2855821102208993 
42 546 0.0716163121342358 1.4747535201651538 1.0887428748821986 0.8664400196670287 0.8750404675352328 0.8879839479230011 0.888940660301521 0.8947030108976546 0.9004483980396022 0.9086583260228375 0.9247197199072877 0.9257288423388634 0.9317143376593306 0.9336144021767425 0.9483896449757176 0.9533546770986091 0.9627357239628631 0.9700046248165406 0.9753628686367415 0.9888263191949613 1.0006186321731292 1.017628812185213 1.030483041660952 1.0480608176863977 1.2777854690159156 
46 598 0.05915115548901536 1.4823609174041044 1.0860841844395568 0.8614359109074905 0.8646416366059976 0.8790359788103778 0.8826231298577765 0.8877753508585863 0.8992433548024652 0.9037573114284873 0.9135934114508615 0.9190557500421214 0.9214575358317619 0.9235659390679987 0.9374341160744301 0.9467220593735236 0.9581009255792089 0.9618649741096527 0.9683242889800852 0.9884553716437997 1.0041068914654705 1.0123418549167524 1.0308446826691486 1.0418122876809954 1.276958927177668 
50 650 0.047969513233014675 1.4974894213962893 1.0914256765300776 0.8525466825620169 0.8565130117522183 0.870049181449165 0.873284441963387 0.8822033020020428 0.8860821924289544 0.8944922707836556 0.9063750701094151 0.9086536671684987 0.9155630648800219 0.918707516851532 0.9317880982686282 0.9431778747520733 0.9476604807265724 0.9568923733774369 0.972600495072348 0.9819658745801356 1.0012291485230416 1.0084933792308186 1.0304553249359503 1.038479166313334 1.2766796383831207 
54 702 0.03989539307968634 1.5151387019409053 1.0908340938681094 0.8388279800891568 0.8458546541636951 0.8612766272327318 0.8637067851712158 0.872268019075402 0.8767639936917425 0.8840454871407347 0.8986393199835969 0.8988554730324515 0.9168731056331566 0.9237104331267361 0.9297028798441912 0.937111711437111 0.9463788605939256 0.9545159205585128 0.9633466209343469 0.9805156961526319 0.9996461649424794 1.0018442927231415 1.0205955734012109 1.0360768455009286 1.2709407369039967 
58 754 0.034303843176031634 1.5313626115922097 1.1061949262580386 0.8295062009681207 0.8334004332714378 0.8552800270638762 0.8608974889858618 0.865188856221414 0.8702622463648939 0.875595670346439 0.8871038122154415 0.8985524455206123 0.9085526384063234 0.9124229262966344 0.9220421308807073 0.9319797016728107 0.9467033897202389 0.9581714233523633 0.9630693821070738 0.9794260111023054 0.9892833282701912 1.0131567886124284 1.0201217957533728 1.0271344657224584 1.2702747822464735 
63 819 0.026448701026877783 1.5442052951827534 1.1094046667242161 0.8155845415366397 0.8210591844512536 0.8425269115915258 0.8496351202389341 0.8561723510720707 0.8645257471369158 0.8670221159428897 0.8770827213455523 0.8951787919927571 0.9018430342397803 0.9084872686383577 0.916723353999249 0.9344627338785193 0.9459166614957154 0.9492089267121081 0.9573964492557338 0.9691795936505845 0.9897733260736943 0.9998550458355123 1.01554198435032 1.0252604483661247 1.2594299677100773 
68 884 0.01906552648389034 1.5429935539336246 1.1077465927139274 0.8026726800515397 0.8132315700375559 0.8308334231506197 0.8429651966326672 0.8442274675477053 0.8554413169665332 0.8596936097621259 0.8660505375658234 0.8802905336865434 0.9003502272029575 0.9035679864401159 0.9095958298003188 0.932880335904259 0.9363854882983582 0.9422044445734731 0.9512940394456992 0.9613769049274589 0.9796154685809232 0.9935967232549934 1.0057175327027958 1.0202120642250143 1.2385187712381525 
73 949 0.016042222534893756 1.5717018820176138 1.1207488695768724 0.7886601533312776 0.8047210648571088 0.8199068104889335 0.8362332206822023 0.8395433748479401 0.8483853404327357 0.8545410802955682 0.8588325741809805 0.8719613121744308 0.8894720940650828 0.8928172299488535 0.8989392050284486 0.9193858164621597 0.9266418055221038 0.9338122156670259 0.9541676875421022 0.9611350536352758 0.9773908391456603 0.9904878001629314 1.0042421875970275 1.0075411534363747 1.239538647263069 
78 1014 0.014221836892354813 1.6055486605634255 1.1127143250329397 0.7777743327476864 0.8034163540853428 0.8157910160227074 0.8313290598257519 0.8358325487878755 0.8415313987977391 0.8487267756514706 0.8560232928583521 0.8626172453739281 0.8782418678040401 0.8837665457892019 0.8906409601350871 0.9080915588040608 0.9155978779757427 0.9352321774170288 0.9482564376441754 0.9593286482099526 0.9798928185820814 0.9808479456599482 1.0003992782558333 1.0146012591073623 1.2487545381636598 
83 1079 0.012531919911735048 1.6192432413892581 1.104287373371701 0.7636244762877564 0.7960882088976471 0.8063139168174317 0.8259398564897873 0.8272757981873641 0.8338977049447436 0.8367144535512662 0.8477241163080637 0.8573788049136546 0.8693128611537838 0.8738803153571755 0.882544213366806 0.8974023191333383 0.9059744971305409 0.929938784188637 0.9404329884923724 0.9530584712045742 0.9713072667182745 0.9800920630349715 0.9913641695837073 1.0431990659574422 1.2364937721883613 
88 1144 0.00903924049101681 1.6233480857202434 1.1033062418623323 0.7534796985451957 0.7861525403382591 0.7963159781617987 0.8133485078956333 0.8187809328038042 0.8221299606156807 0.8261538088932178 0.8386735226766627 0.845896215412258 0.8573262931779478 0.8682172798958853 0.8767116655541907 0.8922445828803287 0.90137640946007 0.9187873550443898 0.9337661114833247 0.9385624362358741 0.9617440665343197 0.9753549551145282 0.9851378578176523 1.0530757831671123 1.2231598262624095 
94 1222 0.006896890781398816 1.6376055596027546 1.1098872965546738 0.738653289896929 0.7734879170123665 0.7871009887116552 0.8025262379290894 0.8072899612750541 0.8130438308595391 0.8185461859866662 0.8249271054370094 0.8357480603271495 0.8515681752246232 0.8634988274357986 0.8673821281990652 0.883873673894521 0.8900542351442962 0.9101706857432548 0.932816382879216 0.9425317021175532 0.9533869026458854 0.9694126749505315 0.979501170692635 1.059492041290178 1.2096227341540762 
100 1300 0.005763382773923743 1.6360176604042218 1.114627669084362 0.7263585624712701 0.7613271264104772 0.7786724285165583 0.7895609885770241 0.7947400963839065 0.8038895157525552 0.8069008617116367 0.8138883867283095 0.8263963267516218 0.8498187865545541 0.8567500071822809 0.8628998546257245 0.8821710249878304 0.8927800988035696 0.9043446526459757 0.9246756442369201 0.9406335690030797 0.9562819258864477 0.9602813747013935 0.9747219465023297 1.059625410913265 1.188335435988821 
106 1378 0.006448895823601049 1.6579438705861549 1.1035716914871108 0.7197576437239724 0.7508317380934243 0.7646640618793136 0.7821003655426528 0.7890913899319933 0.7934999910615856 0.8046469403176005 0.8177927714958948 0.8236645182658411 0.8380373487374664 0.8455955393986601 0.8617713315794938 0.8779793774227906 0.8864869752295571 0.9032138424448427 0.9180246896891693 0.9336447067827257 0.9505616787950185 0.9579032948351748 0.9625903353011928 1.0980836207837796 1.1933177737196936 
112 1456 0.00813041946256559 1.8720836390040108 1.1810777993167034 0.7121052390921195 0.7384974722273664 0.753319725105495 0.7698581097917219 0.7783514285458231 0.7829932164269302 0.793351651333082 0.8080014771340894 0.8232048559942786 0.8335120628679974 0.8370083950300268 0.8535485111684425 0.870262491465905 0.8788134137991447 0.8984780588909034 0.9073646275176133 0.9299857965050408 0.9450841527168754 0.9502286464360828 0.9697222305375715 1.1369594948822044 1.3331205673533963 
118 1534 0.006924175865387491 1.992658200785049 1.2403728970451822 0.7015018575925794 0.726198583075844 0.7482462740479658 0.7614344254971346 0.7694002848042716 0.7760246284298948 0.7858858505115447 0.8055586140330211 0.8124057309675933 0.8210640279459751 0.8271493094066821 0.8384126353190524 0.8627119212490816 0.8782555136715523 0.8910371459312288 0.8978985015499376 0.9245806693881711 0.9350767814621874 0.9462971799146522 0.9630564073435285 1.1266967652163749 1.397853429397799 
124 1612 0.006239884456486623 2.0878739051968114 1.2800732077353292 0.6864591467879414 0.720843336842818 0.7368377389569071 0.7552206840203722 0.7594765828998208 0.7692183365366693 0.7802524582568008 0.7955909652360521 0.8059770303117847 0.811120608885208 0.8242076699751331 0.8387081481806031 0.8581314009425826 0.8696665891497796 0.8837164390010696 0.8895962745528421 0.9119210823900619 0.9164858644792805 0.9417722712152071 0.9576368415649801 1.133495742155348 1.4332401395622103 
131 1703 0.00706117127192265 2.421255037892908 1.4100327732038023 0.6740206067498558 0.7066872515159646 0.7192444839930209 0.7422841345923675 0.7459236833369388 0.7544345070160821 0.7721573856487783 0.7869100998828652 0.7981499117417566 0.807754228589177 0.8188698113106957 0.8352271310166648 0.8545171066344619 0.8584301387862663 0.8705178293864368 0.8885626297177043 0.8997887407862778 0.9156111377069088 0.9317936796468063 0.9465618603408157 1.1133416899017528 1.6319757897367229 
138 1794 0.007807812965831106 2.7205040320665885 1.5744806249491001 0.6601559131676118 0.6974930565522311 0.70569839261549 0.7284696468292772 0.7395615687289246 0.7516346260951696 0.7724529299337574 0.7803725702501637 0.7935370898729784 0.8056338366871967 0.8113142526826574 0.826303856958227 0.8383344219452948 0.8457706961652423 0.8607116699576774 0.8750919810933008 0.8828722007833232 0.911128736073402 0.9193154630412822 0.9527977568305585 1.1024932856736307 1.7959568235650885 
145 1885 0.009367937351473867 3.132000458936218 1.7453774426720035 0.6519961930869238 0.6881641795212473 0.698388801375437 0.7253561159301061 0.7338542525042276 0.7415317707788381 0.7651256324127506 0.7672776234414107 0.7853437899660262 0.8009876964609282 0.8075218640248231 0.8236440125244704 0.8346228260773725 0.8383981070939777 0.8484255108199521 0.8684681436674608 0.8849166758876802 0.8998345466557568 0.9117836245668 0.9404046326472714 1.0849694127096299 2.0420523759729123 
152 1976 0.01239483847452567 3.61696634091069 1.9322602849867552 0.6458222140728493 0.6729882552503891 0.68774684022419 0.714803596187774 0.7255531893705105 0.7341262100997678 0.7578404994509895 0.7640434024770486 0.7816979232697394 0.791384922922931 0.7962386416847526 0.8132124839972016 0.8255314392177748 0.8293739341069253 0.8327360362847536 0.8634615543801302 0.877050212799105 0.8915304912876697 0.9213961369489806 0.9508156795501274 1.077926815029033 2.335917210513914 
159 2067 0.013603581034554023 3.9605340080823725 2.069867741632883 0.6335518237536876 0.6623174497375101 0.6793565993454412 0.7053825821512918 0.7183274820197331 0.7282627950660309 0.7476581333692041 0.7554805634967642 0.7736333165977466 0.7784006697604705 0.7894792637361934 0.7972508014364084 0.8097109894937826 0.8136759105843023 0.8385424187521461 0.8526279297943636 0.880239093909249 0.8924315440505505 0.9074501133305601 0.964293351165059 1.0608403697563262 2.509203543859089 
166 2158 0.011288801923479603 4.19631916536863 2.1387564330775968 0.6249567324604703 0.65262313979711 0.6693604754446995 0.6935516944220413 0.7112913482725458 0.7228540743621563 0.7312087834853479 0.7430909877098996 0.7592694392713005 0.7728449233133242 0.7808891310203813 0.7864951169166274 0.7964494441534948 0.8080279162905853 0.8331839995376253 0.8380038212959974 0.8824516456984538 0.8870669490031513 0.8981119500890877 0.9687320052714775 1.0614919470463164 2.622517913950027 
174 2262 0.008938253391098354 4.383284649956198 2.1828455004129292 0.614639979669038 0.6372699055420296 0.6560589860971702 0.685728182102616 0.701504031613593 0.7039140022662667 0.7199610279501896 0.7397524005418865 0.7550986783256982 0.7564030228213762 0.7722368250548514 0.778401697192984 0.7851260016625682 0.8052526607066652 0.8231253278321448 0.836391551873677 0.8747881787481812 0.8828458292669741 0.893242589039211 0.9705543217974016 1.0648019942661573 2.694141988132684 
182 2366 0.007921596276301042 4.510587003963162 2.2512940800637424 0.6063301070464033 0.6309348620857397 0.6536126023501275 0.6742119225743871 0.6902107472730834 0.6962812886712477 0.7064167706267817 0.725405654798407 0.7450847378449337 0.7495060499250764 0.7583932292123072 0.7709171768640939 0.7786540236721661 0.7927603785054421 0.8104331778975339 0.8436749286072314 0.8642607975170388 0.8782605422350062 0.8855539137120139 0.9858050254171954 1.0584907133346988 2.7349047009551 
190 2470 0.00842648478737954 4.661877264116768 2.3389919604147194 0.592817378257148 0.6228743091436763 0.6427827149441745 0.6663476783581326 0.6767236751668498 0.6852373982164521 0.7009953256410112 0.7155045011766508 0.735593351095058 0.7392718681387607 0.7516960696781775 0.761681059232881 0.7781970921246294 0.7959883455118043 0.8076969373362524 0.8439411269506317 0.8495378873128921 0.8832709343754445 0.8837705066533905 1.0052906424153378 1.0777332559720618 2.7636418574703083 
198 2574 0.007863767658279348 4.853096122796212 2.3992034393510493 0.582692598257546 0.6142813428442426 0.6348017498421306 0.6580126323647375 0.6652019486763697 0.677393396419942 0.6942832938770408 0.7028441699365144 0.7199862603356411 0.7297327027052141 0.735011243436588 0.7582867066826535 0.7663596083536619 0.7918673265764814 0.794660883576006 0.8299940564220695 0.8488424426471837 0.8754061705098346 0.8851352000705073 1.0039791174362531 1.104789340624986 2.8278631893857478 
206 2678 0.008302261461932628 5.078923747809414 2.4983279342755216 0.5780611867779573 0.6012584432074514 0.6283836477088645 0.6457017958506213 0.6576309748781227 0.6630633383010127 0.6842187024941038 0.7003874803002327 0.7140235074966448 0.7203051495126767 0.7303670775744432 0.7477999133951262 0.7674483009507894 0.7756183615287804 0.7869166210623618 0.8136944765452523 0.8414184348894832 0.8695281990466197 0.8974326928179814 0.991899432986263 1.1859019717839308 2.9359286892134606 
214 2782 0.006788438632288274 5.205471289251126 2.553214399192734 0.5706483688168533 0.5893909016499574 0.6223773181863447 0.638007170966422 0.6502679788573642 0.658341649438095 0.6797350992345024 0.6913237716664317 0.7092862866719433 0.7235676599164038 0.7283568282542143 0.7424226275397027 0.7608567942058437 0.7683513749275465 0.7811286094818315 0.8065786906715838 0.828222226444903 0.8532119006619808 0.8752305903370987 0.970520829887379 1.2017938230634289 2.9704937001341176 
223 2899 0.009134627188736828 5.492569228787119 2.6425022751562923 0.5658730596737157 0.5892858385624641 0.6142544579042656 0.6361843620273582 0.6482560017742579 0.6549639185732544 0.6679603495713062 0.6874470742487981 0.7025421526569416 0.7163126988774904 0.7291395651301773 0.7442574586349783 0.758114055923754 0.7640338272397347 0.7789634180557885 0.8054528396970493 0.8216809449375295 0.8402024998573019 0.8667012011886015 0.9577006326552737 1.3003210251047985 3.108096954963468 
232 3016 0.011486944465280619 5.789817743464812 2.6711717699716258 0.5510624929765569 0.5801537286427964 0.6086466222537398 0.6244378070971951 0.6365555688785691 0.6501313159902116 0.6612932767373888 0.6761499310876274 0.7010978781577206 0.7093068027476154 0.723039860874324 0.7333406347983246 0.7470809521051921 0.7602839990742434 0.7678813449361597 0.7995153721258963 0.8199880632810255 0.8503115042733991 0.8734747591735074 0.9443477715321629 1.3794767607540235 3.190551399593622 
241 3133 0.011202184377720055 5.9468983744958726 2.6989577059774774 0.5378223453113252 0.5659300156393379 0.6003723083528117 0.6215842767602162 0.6341098974488805 0.64517446339252 0.6521986002922995 0.6636945679188233 0.6871634374125546 0.7038297968837984 0.7118583203399486 0.7314821819367829 0.7326293372082129 0.7435828528540994 0.7671224578490076 0.798168036718611 0.8095140086614784 0.834576659125246 0.8961751565060859 0.931818046055801 1.3881743170889997 3.198374831099478 
250 3250 0.0104138303448846 6.14076410458463 2.7471080059729673 0.5239532363923488 0.5560496327792818 0.6024881946257404 0.6163883024299295 0.6226864615499017 0.6461258437102739 0.6512344906424632 0.6640315832609465 0.6753757207819174 0.697706454914063 0.7093941165680884 0.7241991560227667 0.7275950781411405 0.7410191917593743 0.7568188299488204 0.7836598155010913 0.8036570387242503 0.8483443765575637 0.8814618306386268 0.9129441097923617 1.4218833257587562 3.217473226519081 
259 3367 0.008846539767178556 6.238007166390974 2.7524703934717865 0.5153879714631013 0.5440350042699548 0.5892045827148876 0.612377040575352 0.6189557188065065 0.6335226046770586 0.6464733924304022 0.6524864381255416 0.6635467118612571 0.6912905932329577 0.7002327233475555 0.7143608272082069 0.7167420264790495 0.7333011985260679 0.7667635670803782 0.7929872431730557 0.8127689293699225 0.8459342219675258 0.8757603894452635 0.8999758746928128 1.4084740812018577 3.214993859458533 
268 3484 0.008010556167973065 6.347054639183327 2.783795643755391 0.502400149678215 0.5424406312019814 0.5799498228022136 0.6065964944448268 0.6198337269226927 0.6319246814052949 0.6381592218454077 0.640690391422542 0.6682676635447002 0.6849473996591595 0.6956364860711167 0.699104817423553 0.7081414437047209 0.7276693101422791 0.7641841563024975 0.7841011709754859 0.8028915354420403 0.8356378015604179 0.8714125726578105 0.8853941642440475 1.426635876119371 3.1887612007415123 
278 3614 0.00831426810122619 6.575437639263646 2.793762875385354 0.4904128263633887 0.5386002732134241 0.5700858322434856 0.5972089071406885 0.6080749405595176 0.6215209837355112 0.6352314676308637 0.652824767936661 0.6606779556338733 0.6684279441144667 0.6860672608781986 0.6897145057631473 0.7030831376382455 0.7171181550182054 0.7491001998114311 0.7776081392555968 0.8018413040332152 0.8307074959669101 0.8571633355013124 0.9010987118129369 1.4699200894091493 3.224678957247493 
288 3744 0.009777215704714312 6.793643188354116 2.853783266667562 0.47848866796542205 0.5262875931548019 0.5550872177068504 0.5867919457565107 0.5988915466728387 0.617205033859065 0.6237496440955744 0.6446879842781398 0.6577256566884296 0.6627865025579374 0.6735425422020046 0.6934622497242372 0.6980786774753622 0.7044097456345464 0.7363903928729413 0.7763399715706651 0.7931507539720186 0.8184482230575031 0.8522543280325221 0.9164566880418458 1.554296716151503 3.2506812798279237 
298 3874 0.009501711598294549 6.937423692157575 2.880935981982018 0.4663387810034158 0.5164434373385756 0.5501012845104281 0.5752731488089112 0.5898886261056305 0.6049058303859757 0.6248180479988859 0.6319227051070626 0.648049903718342 0.6491424291183518 0.6592328340486295 0.6764711892032343 0.690453334959767 0.7040888779475794 0.7228337866798019 0.7664444702509271 0.7848955983882682 0.815299722798752 0.85237853190592 0.9338951747402742 1.5669592983617893 3.2351897079049796 
308 4004 0.011639457331444064 7.227678115171439 3.002740453255584 0.455376951335429 0.503014829408496 0.5376035022785899 0.5642085780049044 0.5801676955418014 0.5932055748238733 0.6064510157932197 0.6175957249007762 0.6360790648855543 0.6437611447445457 0.6577543136864991 0.6704052088430169 0.6788789902841357 0.7001265806264326 0.7185072726136121 0.7587317175357446 0.7734621075992939 0.8182772629188049 0.8399142693022665 1.0116750275982471 1.6360471358109523 3.291318025320569 
318 4134 0.011977733769168077 7.662327519532795 3.124375677980635 0.4402651193277688 0.4936956376527178 0.5280312044407939 0.5561506681973796 0.5778660528103139 0.5847346683901651 0.5952285429930764 0.6160910158855375 0.6254973814121179 0.6259340059543684 0.6424121799731248 0.6684963820112265 0.6814907390995261 0.7005407506348091 0.712271313947404 0.7512205542645356 0.767204574598267 0.8083517541527939 0.8318757320976842 1.010717398833113 1.710184581190701 3.3734555397155526 
328 4264 0.011403467412935837 7.837230923233078 3.1817527822226292 0.4291404982038019 0.4814748324208613 0.518962152712756 0.5490356188664884 0.5695439229394473 0.5774257841780626 0.5922701487888589 0.6090952222905008 0.6162332743957829 0.6216982269364386 0.6300146751361594 0.6624160382728264 0.6730684056844384 0.6953824669166632 0.7027394284966593 0.7453519235804705 0.7628690403335228 0.7944379233699754 0.828994223545551 1.0524357884269004 1.7402284161481218 3.3632731829344857 
339 4407 0.010045227170169545 7.912669573773841 3.211544195103883 0.42070845753996333 0.470288184079262 0.5005570048952097 0.5432458799456461 0.558985970662347 0.5748399264134291 0.586904175813745 0.604599981594446 0.6114105634714896 0.616027863818501 0.6194440952663535 0.6540812039092151 0.6620612020509314 0.683897822842651 0.6963105986185241 0.7346894470488441 0.7689520559564175 0.7780320433375597 0.8148700295263617 1.0467415056414353 1.7303725022662566 3.3289270114057916 
350 4550 0.007417646456550092 8.008420520846963 3.19132909464951 0.4109968792536586 0.4566824350872593 0.4956308979452075 0.5355278200817857 0.5453805405493699 0.5623348013768981 0.5725311978694381 0.5872797540872331 0.5934871523845373 0.6072950323668393 0.6183050402186816 0.6436983440921658 0.6542144680940317 0.6776759672328582 0.7058796877489779 0.7340209662889635 0.763031051245338 0.7904468976698921 0.8124233496856618 1.0504819723160013 1.7147647390494918 3.2914358418190606 
361 4693 0.00918148298526842 8.093027718504672 3.156047107491118 0.4029951538662832 0.447187649290501 0.48093068203805067 0.5316740709819817 0.5324145417099791 0.5458557963343499 0.5607450966787251 0.5735131498030643 0.5916967505944776 0.6011323585711636 0.6325095487618086 0.6449911708438164 0.6466953845528681 0.6832109655442113 0.7079866563555529 0.7203876273156286 0.7524821576138019 0.8037109769396584 0.8385211300885556 1.0541552114189146 1.7476744504093202 3.2614509506628853 
372 4836 0.007558163972728409 8.001405315830125 3.1228986599099318 0.3983411330270434 0.43683177863070555 0.4729079697983425 0.5241921518460354 0.5294286992385007 0.540321970723504 0.5590520374968494 0.5682515985433007 0.5929028887988582 0.5973784125639793 0.6310729604190706 0.6408755614961603 0.6541210082337139 0.6752625981465615 0.6969508549508863 0.7102726742605866 0.7294830898630096 0.8010811774605059 0.8310610496611368 1.0464081535861143 1.731527383164977 3.18728885931638 
383 4979 0.008198135881026365 8.098729057206162 3.1758724751284757 0.3934392208925099 0.42564538409938174 0.46132759040857874 0.5139800085381999 0.5217670056897097 0.5303617878659821 0.5486996336004417 0.5642979116481304 0.5777544404890647 0.5880464871916484 0.6175804635203807 0.6376816607610872 0.646499990085079 0.6638341877104597 0.6929932788670485 0.7065071993904543 0.7607596757078382 0.8004153847599725 0.824006245884976 1.0578725650038343 1.792476252961357 3.1863576504867237 
394 5122 0.008031553398329321 8.265217754056694 3.1738825297232722 0.3842393295072794 0.4124920182615587 0.46851875909552454 0.5099994903686377 0.5126844236037654 0.5223432683961462 0.5373335066521728 0.5466658374774673 0.5671055503481325 0.5793793388705623 0.6185450226349346 0.6293092263681196 0.6460481492633998 0.652855028252813 0.6799560161499654 0.7206002849451648 0.7461748839154352 0.7942664924575181 0.8091489867056866 1.0754800787435737 1.7640485576649876 3.1758217280504057 
406 5278 0.00750985988493863 8.325906831732487 3.1512656416350757 0.3713589783036526 0.41566705994418107 0.45362384735088485 0.49808400983147677 0.5029699580603204 0.5176111285860338 0.536963965542085 0.5455783459846861 0.5649038001615841 0.5792956353223306 0.6123947884487 0.6168449859933517 0.641881476219542 0.6540064635878245 0.6793757334314916 0.7241351799184894 0.7338192366981569 0.7754061085493853 0.7954443852738685 1.0883736658283523 1.7444836950746223 3.0919002544835776 
418 5434 0.00920089974459072 8.529439001405079 3.150745958886893 0.36391657114491216 0.4117451221747317 0.4429501644962268 0.4867932928043912 0.49737575145557933 0.5165856686028137 0.5277447392291943 0.5390305873969103 0.5555874998107919 0.5726477264703257 0.6031607235006616 0.6086690117912219 0.6347261310881157 0.6538484340084918 0.6720687690022243 0.7064104518702784 0.7229369054317225 0.7744934812013415 0.8327221889334371 1.0962840371201146 1.7666510323112135 3.1040041951810196 
430 5590 0.007442036166240925 8.568360507172514 3.063935993127732 0.3560419907251611 0.40445773629101445 0.44034150594951127 0.476374451300345 0.4850125802779005 0.5117089050331196 0.5272619345672707 0.5290008981344557 0.5488354679987216 0.5680198329547598 0.5930534848822957 0.6095439477210742 0.6196727540118091 0.650352237168444 0.6578464443122826 0.687456619755672 0.7312059920294615 0.7675885293096213 0.856163428651292 1.0902533057105237 1.7790564844507204 3.050696132224553 
442 5746 0.011326750573462156 8.822869285513116 3.118431017525393 0.34774694929795213 0.39259905378040655 0.4345075826023984 0.4627656300815847 0.47707168763628566 0.4984098265702811 0.517051458032261 0.5335567606577339 0.5432015876739821 0.571632836453881 0.5938206845593317 0.6080639073824713 0.6202293261133787 0.633154525211502 0.6647645739650042 0.6881673043237695 0.7362305524694942 0.7616970853619786 0.8729222544860513 1.1373760794881767 1.837219606596741 3.068125878091789 
454 5902 0.008055352522362275 8.83049659231999 3.089694659652637 0.34255860447237185 0.3836806165940746 0.42360870394746486 0.45533980906161325 0.4613741194860689 0.4892110580657167 0.5220718346922943 0.528983811265295 0.5369174406117556 0.5653013606564634 0.5918407278223365 0.6046716255552803 0.622770215473919 0.6276461214295423 0.6537190379739302 0.6723376422269954 0.7222987175609024 0.7453936647775267 0.8598912666801501 1.1433356169525855 1.797937254109068 3.024962589463171 
466 6058 0.009973660705438718 9.028829548337916 3.2148808843827523 0.33954065865900523 0.3754322628529417 0.4143346702513693 0.44170399289550016 0.4507476692888652 0.48383376896630137 0.516795615400484 0.5244843713521736 0.535683848837492 0.5611969180369887 0.5793349511443507 0.6015655551972714 0.6133600014682472 0.625482708662083 0.6633423103449841 0.6777028459982322 0.7212433778993386 0.7612944961914548 0.8359852936232745 1.182038053733746 1.8091971805074838 3.0656547317625447 
479 6227 0.008018129154186664 9.345427299657189 3.3073433108010946 0.33320600695712377 0.3709615674035616 0.4082480751981771 0.42910540266263586 0.44516559850499804 0.4821457712422744 0.5053687741058493 0.5116085604305912 0.5187264033146368 0.5449414497916196 0.5783490205172364 0.596875444724064 0.603464913400504 0.6106923306415719 0.6573702716440252 0.6675674038216415 0.7098152396647752 0.7582463291490622 0.8474546747509223 1.1832873025099864 1.790878110285531 3.1139525138268676 
492 6396 0.00691474865258114 9.493033002193705 3.3628268808974866 0.32973396209469563 0.36102892633067796 0.3991398402185953 0.41905536052219033 0.43901556657274604 0.4781894237097759 0.49697889510323223 0.5050969453036736 0.5095460218174307 0.5466329083714129 0.5775654067671082 0.5899447421002094 0.6065641669049618 0.6212866354417342 0.6411183449665055 0.651426199865659 0.6952242126035362 0.7502132692609237 0.8332833151751131 1.1728454090072198 1.75835753135037 3.130175384109034 
505 6565 0.007824530430529799 9.504714808219598 3.3531131777666867 0.32896494190165415 0.35126817225280643 0.3902315638058639 0.4107761187088558 0.4358394472073873 0.4653299530867713 0.49639707617241297 0.49973341095357804 0.5098636727546255 0.5497629965937488 0.5746122296885448 0.5852197527134293 0.6044169531138329 0.6266191720257925 0.6415054820587482 0.6508259442706983 0.6822682109620063 0.7371267608068908 0.863421000343743 1.1702909761398002 1.7377649524305507 3.126717954677752 
518 6734 0.010914620015310465 9.754936854409415 3.4149851574050976 0.3251058649521016 0.3435664627786576 0.38381485611230864 0.40365328489301955 0.42911638805105806 0.45122695959120784 0.4865775887794396 0.5045990856239763 0.5207108335093394 0.54119103318687 0.5677991406083871 0.5778928376435111 0.5997800249131213 0.6140265129117377 0.6315987122677875 0.6613287341003924 0.6781057026909223 0.7325945493519253 0.8655150940533356 1.2026241164218854 1.7470304843634579 3.171387183605906 
531 6903 0.01061506140875707 9.582424536343648 3.417857733119327 0.3230237550636168 0.33619152736051655 0.376125242898888 0.3929837240616266 0.4194462467414514 0.4484332266525106 0.4827413742372318 0.4956216946498058 0.5248813868489847 0.5358341149079571 0.5619179565367178 0.5711287983348593 0.5862697641047285 0.6078958412981527 0.6470275768985638 0.6777756503264389 0.6825419330294844 0.7268515013439795 0.8654338974840622 1.189882932432476 1.7378797014672815 3.0953507563434624 
544 7072 0.008794635933169192 9.840548354191517 3.455809830646931 0.3128763269390208 0.3253913960009433 0.3714500385037281 0.3839813656993666 0.41115784640074443 0.44843531482464305 0.47689300083600517 0.49383154543786567 0.5071449270353208 0.5369663798401038 0.5571426555074112 0.5652040038762373 0.5772393037280605 0.6085626215518053 0.6524137570387957 0.6684632051357837 0.6828481655682367 0.7133617336185333 0.8459649299881018 1.2105307076709553 1.7235848415468529 3.0788746241252682 
558 7254 0.00792077824363631 9.905543865974881 3.4091448133818694 0.30521190285212924 0.3199628761420038 0.36404722842707726 0.3767762561633929 0.4081853087789678 0.43264972694013776 0.46255775097604057 0.4823633640090806 0.49895479105867785 0.5313819810746414 0.5472015373035951 0.5572660551170395 0.5822290640117077 0.5978804502722233 0.6497388631000555 0.660373093069182 0.6913235884987167 0.7123705232368346 0.8420562447633839 1.1992259928524251 1.6984342251806674 3.02328989211943 
572 7436 0.005813829996268353 9.987969753469656 3.399144097443163 0.30057014142536387 0.3138003565756553 0.3592930718144253 0.36882387735671435 0.40261316662019336 0.4217945505157767 0.45197474008718574 0.47886367853234424 0.49472458873707553 0.5198074810714269 0.5388668298016029 0.5505894928804679 0.5737686854792585 0.587834253782641 0.6343273506854248 0.6625524392399159 0.6826257376118561 0.7162498466922207 0.8330548163445278 1.2088150280185044 1.6609995574238217 3.002085481352631 
586 7618 0.006508868139534868 10.043345878187633 3.5394494251573514 0.2970513048207091 0.3027037615414087 0.3499588797566027 0.3605248183100864 0.3924399990669923 0.4216013856984699 0.4489771516391572 0.47381260774773165 0.49015553187361083 0.5086054882047412 0.5298886259256531 0.5386431805533565 0.5647588841520474 0.5886082779912462 0.6283297544170643 0.640672872754958 0.6647724947971283 0.722972862197062 0.8316373145295815 1.1988746168057374 1.6720285513359443 2.9833889978813266 
600 7800 0.006308070972124611 10.225611699744846 3.6079869023994737 0.290140232552873 0.29649334902998253 0.3433365603120456 0.3509725371166799 0.3934308286418624 0.4211751443062562 0.4371169585634872 0.46538771041964133 0.4871245332606594 0.495307159668668 0.5191926664031933 0.5307594819708032 0.5581009564571161 0.591036790745295 0.6194084597976147 0.6394780336138715 0.6586989070999681 0.7198079836415596 0.841077350363192 1.2062918282369275 1.6723281002797081 2.966861356559349 
614 7982 0.0063136458457457275 10.672796237452042 3.7095481790899663 0.28132049728982333 0.2899122652084088 0.3349490787345604 0.3385898464148175 0.38348650441331766 0.41313829690518145 0.42300893745270096 0.4577324601630404 0.47837944817231376 0.49198973506903704 0.5203909269650578 0.5352251641061404 0.5508966426591484 0.5763725836675228 0.6118754453193678 0.6201605489257783 0.6529212724214917 0.7036981156581851 0.8671669360805334 1.1920259126314736 1.6738115299709784 3.0024763449929637 
628 8164 0.0070339726904476525 10.911968365335566 3.729628990123782 0.2737235320170541 0.28472501219030566 0.3284755809335127 0.3338878816387246 0.3730529534927703 0.40394764409480266 0.41703361481463613 0.450992875800901 0.4650717712474908 0.4763021274873245 0.5134876781970692 0.546714697165185 0.5602248908503805 0.5636495436365815 0.607891807562221 0.6152963619643472 0.6634668600843349 0.7029094455244507 0.8574747678829341 1.1771636835187946 1.6698986894704968 2.986862522218012 
643 8359 0.008622922819661044 11.443576220508977 3.9063636399652477 0.26501675479449166 0.2775635231098665 0.3156317854112637 0.3270726728540268 0.36380295217788416 0.396714652068439 0.41686831118568246 0.44709641337421413 0.45682700127903975 0.48597875625196646 0.5066629004184154 0.5368187595857545 0.5580413509338965 0.5787607415869466 0.6077643169197223 0.6120976221734147 0.6416620302301991 0.687642789478842 0.885840373952134 1.1705022988629028 1.684088691802619 3.032739433202703 
658 8554 0.009522347934205418 11.538365813789754 4.04174172358793 0.26300459632194917 0.27067646053998856 0.31245916125289575 0.3220001013858001 0.3569253900200082 0.38746417063744826 0.4098655815637029 0.438253938899747 0.44907953325543476 0.4863199018254115 0.5127288832313959 0.5257487858083567 0.5421229823046322 0.5736252839540112 0.5950441782608369 0.6189243161238134 0.6537849996779892 0.6798603963444438 0.8645752091174724 1.1527616963106848 1.6737496699614123 3.034643243070753 
673 8749 0.007581492447044363 11.577988790834098 4.114231047094393 0.2586466507274086 0.260334927106461 0.3059449654875271 0.31619353523449273 0.35021293811242804 0.37849402960815853 0.4025493681379397 0.42718048073879655 0.43668097294204 0.48203012080542423 0.5109776706779682 0.5181356143978816 0.5342848111409716 0.5744505301074342 0.5982879248916814 0.6153553514853388 0.6452319665959669 0.6808796190597122 0.8589783033731038 1.1187891672505716 1.6149263072926354 2.994608022908719 
688 8944 0.006385207246541034 11.875431428808817 4.154395567482547 0.2508280697915622 0.25816025995659614 0.29735242909107734 0.3131376184161617 0.3428599521652132 0.3786658524110459 0.3954583425640386 0.4126075353793566 0.4206524733839938 0.4773571842177446 0.5063677515338816 0.5113695562510813 0.5246538081372125 0.5655678843071359 0.5908053147006274 0.604594548170669 0.6441667250831695 0.6943219472747221 0.856729028814926 1.0990226263255858 1.5698172326222934 2.978691543230169 
703 9139 0.007377911940781247 12.4336050381286 4.15309437912794 0.24374305970590984 0.2578592574397509 0.2872906395211101 0.30632524119452914 0.33379324456688136 0.3698920087181582 0.3884643018397931 0.4029783684653744 0.41929129259643794 0.46503710131175113 0.4951035840576491 0.506015211162548 0.5102017216343844 0.5638834455080745 0.5782223630590302 0.5918975788472408 0.6672066418724959 0.7127423969750001 0.8729041165329157 1.1129741502556991 1.6090605554850896 3.030604935168281 
718 9334 0.011370696147511824 13.406754395323109 4.280794009966294 0.2360673152551129 0.2520941684705815 0.2896237189245461 0.30807333928758857 0.33446154881386475 0.3678712544644693 0.3829107921969903 0.39679646031238774 0.41407871327128265 0.45117667164733744 0.4843428339700199 0.5024241879931411 0.504124878604711 0.5478839505146862 0.565801157206391 0.5915757974130903 0.6612186597057391 0.712966453462885 0.9033005785338772 1.1455429105619694 1.6734078501666636 3.1648965163886107 
734 9542 0.009938720927404663 13.71830256589005 4.262079595375583 0.22963361350682107 0.24611299204891365 0.28404910518086873 0.3014744740007495 0.3322678403265402 0.3592493925114641 0.3827290028661683 0.4038349864702474 0.40573269427591263 0.4368409431194504 0.48021054875287505 0.49150682704875737 0.49818996056237985 0.5425265720333357 0.5504941181757051 0.5676968522217144 0.660915062657427 0.6962466077499179 0.8900602641010448 1.144486518675153 1.6562664677011802 3.150183389385228 
750 9750 0.008048183400301787 12.819317490430008 4.141815332871902 0.2368653726136661 0.2382783101932108 0.27307949194387565 0.2995952915594839 0.32575715169426867 0.35203700161753376 0.38313722891264534 0.394412865929101 0.39796913605426165 0.43278192618543215 0.47697021430246994 0.4800405166779437 0.4928935415269452 0.5295506030500752 0.5643023220635357 0.5750843360947157 0.6445493318448131 0.6864367976229336 0.8809134145344197 1.1139067685268587 1.5871472398001425 3.0364524140235907 
766 9958 0.007763597737114231 13.231424361879094 4.2242141547502134 0.22825162337752192 0.23346467557736048 0.26852937407623695 0.2903088429631043 0.31758088172129073 0.3465014115690766 0.37362663564411563 0.3875952762315157 0.3933158200732301 0.4308744871415915 0.46150784716919585 0.4765991720057072 0.4958430243728403 0.5109265718530897 0.5558916708931348 0.5648635044273881 0.6293233187792149 0.6902241415590328 0.871916043023429 1.1066948074831502 1.5923902543017616 3.020094090195795 
782 10166 0.006567679845813941 13.535206640204025 4.313151643848763 0.2195125304505015 0.22781344136864592 0.2646777214096457 0.2852849260338969 0.3157107782576942 0.3382227973230414 0.36270570340966424 0.3867749850788634 0.3984741298558673 0.4231914612174738 0.45175157072228483 0.475690587717518 0.49326487945958664 0.4988927749696084 0.5472047627215524 0.5619555481605678 0.6126192475912436 0.7022557140149781 0.8544313944330509 1.0878161985772936 1.5572416551861648 2.9711474597616165 
798 10374 0.011065820755721647 14.030977722378541 4.57136862927708 0.21643596464192208 0.22125859874230455 0.25977263875358325 0.2806425737012907 0.3052022900229361 0.32953891360579496 0.35739347570556984 0.37390628940196374 0.38537120041976797 0.408284918161593 0.4450954414865041 0.4657654214105444 0.47873093628562113 0.5067191546775938 0.55306162015186 0.5740779014884553 0.6050443591653855 0.7102221774430099 0.8890020182759697 1.0999239473807851 1.6038383876983162 3.0368081982123183 
814 10582 0.006983328747218018 14.161717966486703 4.495913144277323 0.2103931043604343 0.21947357898511077 0.25274072298415085 0.2765379713193677 0.2972959635015684 0.32268609707295315 0.3471843277741218 0.3694683695956064 0.37814805817386143 0.4034110200629821 0.4432460026715465 0.45524141384645006 0.4735226557666036 0.5022556708407658 0.5449470812590334 0.5581853410266052 0.6026868676769597 0.708736838141636 0.8757437862058018 1.0770688871625458 1.5519417118211702 2.9795278060460744 
831 10803 0.011126596926490736 14.543195294971603 4.722738310975673 0.20774954442309762 0.21430907910649993 0.24767536251033148 0.26711544927208997 0.2996875894707583 0.3226329594144256 0.34056003681394936 0.3565979830147899 0.37645550643720055 0.3919345865103032 0.43737316373193247 0.4526692429096788 0.46868246362717325 0.512577920675924 0.5287071547414559 0.5536362280125463 0.6013374073405349 0.7053491453705508 0.8492637167377131 1.1225634869654901 1.5874914580005157 3.0213421969864873 
848 11024 0.008222709004484867 14.753800101770842 4.664322812761055 0.20214583112591508 0.21197733828877313 0.23881990407141043 0.2638024543135594 0.2914188711630729 0.3133803922759648 0.34144432578565687 0.35601218102598226 0.3704218158033403 0.38669483117283626 0.4232017717392374 0.4501728759496831 0.4634521067951162 0.4993824588861926 0.5253107411297748 0.5426231702589797 0.597356273288324 0.6874364406946758 0.8303920361268751 1.1021448432767864 1.5453795215900026 2.9824191838380774 
865 11245 0.008081765425331764 15.266731042713593 4.813034647455395 0.19506772781378207 0.21100169184158318 0.2366145641307324 0.2601851378092457 0.2902875255952165 0.31585978651306723 0.3346048224158536 0.34950827967334497 0.3692660268512279 0.37930062051560504 0.4124073171166411 0.434975500522913 0.4474332757360257 0.4968637240919719 0.5198091355293939 0.5300954300984304 0.5763876623794557 0.6879274046765445 0.8172384058121411 1.0921989169937272 1.5655153457820565 2.978046535646272 
882 11466 0.01091871437300901 15.35801138925957 4.897164692718855 0.1933852190149132 0.20989097714806423 0.22891002233436894 0.2525765719203752 0.27986783688932126 0.31090068717316666 0.32400156229672483 0.34097889738356785 0.37256298768989493 0.3773606548889813 0.4058899073873763 0.42234009221729496 0.45167119863484734 0.49105731523751484 0.5027666305832513 0.5243935841603062 0.6056150762296829 0.6931453075260852 0.8124387420091719 1.0881368363545203 1.588851308966435 2.9700123961454934 
899 11687 0.013196538575526336 15.8417638098217 5.083944146674815 0.18729445952110274 0.20692983282796465 0.22614915117524828 0.2508091509559095 0.2718343449780804 0.304711324491743 0.3155105063415006 0.3346128612132896 0.359582334177805 0.38313398425571643 0.4049906808520418 0.41923367006868734 0.44272133654687085 0.4848108883492466 0.4945543116858773 0.5138727603006518 0.6015518452399055 0.6806700846239446 0.811854983258841 1.0850591720601628 1.6162318446375807 2.967074590621521 
916 11908 0.008380513079110932 15.615620962464032 4.971569271909193 0.1823415013431259 0.20305294653655784 0.22212621015521533 0.24540918831213504 0.2657125713096077 0.2935624488872455 0.3153893224881022 0.33861918234620747 0.3583383033830514 0.3713506705363745 0.40211801057347046 0.409113562324581 0.4413384430391984 0.47029749303032187 0.47955867234074806 0.5040103406870898 0.5826435965704618 0.6601728749190166 0.7857833420232897 1.0556275732616005 1.5560259056059165 2.8473757707008804 
934 12142 0.007879534307102939 15.931950220463914 4.894973278785582 0.17715785891163363 0.198110669816237 0.21422293848576368 0.23847654434092255 0.2573130691514998 0.2827929399098843 0.3147868161010531 0.3324320312110102 0.35561982143398396 0.3671411365246746 0.393436734217149 0.40192774169289275 0.44148202695314603 0.4570832900009883 0.47955003725536194 0.5008294630807465 0.5915941684888771 0.6514530823293077 0.7886435020467325 1.039009185047782 1.5538041283160966 2.8224701893441164 
952 12376 0.011272719091438258 15.543175807422909 4.903834412322686 0.17781392490677825 0.19116940575726069 0.21029070931811372 0.23930643782097977 0.25506486799432915 0.2730823710649885 0.3067700922186024 0.3367852573115455 0.35067275693865146 0.35947402282244206 0.3818043853150644 0.3923763536920193 0.4535723418892271 0.46881316014068597 0.48968474709918697 0.49052761196615374 0.5813733552176512 0.6424926211385419 0.786310662730487 1.0089971970024392 1.5232995235158922 2.7637930958339494 
970 12610 0.010156024618912041 15.316237381281438 4.949608880494091 0.17624307361235417 0.18818404170824213 0.20482367651114836 0.23222708471113473 0.24819381003374305 0.2651178815615291 0.30060496626131633 0.3356301663807227 0.33984560991917634 0.36178662696975095 0.374846948725161 0.3829977699276165 0.44408132937571965 0.46345482154704004 0.4904659543139804 0.5075018069762127 0.560298772931429 0.6316844937274803 0.7818977266029289 0.9821252459112566 1.4855707151451443 2.699380752253475 
988 12844 0.00638481888552018 14.190921433062172 4.847582075324676 0.18206539129949537 0.18479879319198256 0.2017489808892166 0.2236020378406297 0.24530686526067094 0.25601995840216246 0.30094043499873 0.3312808223474979 0.3369999241730975 0.35939117181030844 0.3718020944622258 0.38922660495509814 0.4343553902472671 0.44344074778147446 0.4754570449824723 0.5007047912997062 0.5440307291559497 0.6172587039549764 0.7840455183641805 0.9518267067958209 1.4451798388629118 2.58367566361086 
1006 13078 0.007889770735797799 14.55491705329818 4.920730372322987 0.176687230376596 0.18536678452191974 0.1979662073227301 0.21751732379565153 0.23860386901641806 0.24907843382167164 0.2941447503816832 0.3317207584733505 0.33688997451794256 0.35047308828648 0.3800198564101568 0.39451028972521823 0.4210138154669142 0.44699001786674003 0.46562777475160905 0.4872403160308263 0.5436697632792986 0.6235396451471589 0.7658397139404014 0.9702271545135301 1.4671561637172834 2.5716679825083415 
1024 13312 0.00700197029633886 14.803993618803458 4.929473050090906 0.17257510824182434 0.18040815396436727 0.19985109836984538 0.2130497500457729 0.23592180951373667 0.2382873581194404 0.2866219433160599 0.3189402821123505 0.3336553711005355 0.3482093543522336 0.3681171210572645 0.3870848752191888 0.4244946177410541 0.43946575830152207 0.4627147692961322 0.4904121507550567 0.5371488639178594 0.6135303463669548 0.7502354468891048 0.9561584170577596 1.410843815619625 2.5548008011762837 
1043 13559 0.007366309836811787 15.70064228726028 5.273422569395116 0.1673179009625183 0.17963780441071647 0.193375382222775 0.2063381839587348 0.22703830801495611 0.23295568101740055 0.28241488304962237 0.31189900298463613 0.32258425429221765 0.3509792294294792 0.361497932501266 0.39547029411201795 0.4177999189992815 0.4354960996863499 0.45643672171279476 0.4936023021894026 0.5349606573654728 0.5997514518252103 0.7334784109596655 0.9605089284046219 1.4304921491731966 2.6269985112677423 
1062 13806 0.011515332918448638 15.992607492678902 5.333728228198474 0.1648003411801026 0.17487452971316522 0.18790613312565993 0.2033189770851812 0.22123001913101892 0.23577332024686476 0.28203026674582704 0.30107832174806387 0.31528948677224333 0.3389087741986321 0.3501053908646921 0.3808418275109853 0.4064293730803561 0.4383524248904376 0.4629658022758238 0.481611434215433 0.5477210229296797 0.6166052587896778 0.7369969415116225 0.9894589308931634 1.4125177052979865 2.635587171152948 
1081 14053 0.013436620806781605 16.65621422773112 5.3498636587227875 0.16021846819214344 0.1719173661711744 0.18141251031023806 0.20381343023100876 0.2122660039123467 0.22480057989860916 0.27946531262674157 0.28928549271390175 0.3184653398599503 0.33920193807643323 0.34667610672113186 0.36371292088029483 0.393799279310683 0.43203991314041335 0.46295849427376334 0.468167729995735 0.529315399583789 0.6251372355465828 0.7280125554483057 0.987403994886059 1.418268125223076 2.668633129447265 
1100 14300 0.012203478655269108 16.42025210455559 5.266818395805246 0.16053496691821093 0.16779531494889974 0.17538453683308125 0.2011843763751683 0.21319037750116548 0.2206502341365544 0.2757779960541742 0.2805134635087232 0.313182034038767 0.334181883530062 0.33868683137926386 0.35923856601681203 0.38402783943980034 0.4180904319659136 0.4542312426519866 0.49238550250578694 0.516869455953025 0.6010978035256538 0.7089150985300368 0.9633975944858305 1.3952959307886124 2.636024628393515 
1119 14547 0.009413909491377376 16.866923323880176 5.362351669136454 0.15374673798422342 0.16336549461777455 0.1694821754188583 0.19651270219002007 0.20918281495190547 0.2200138368026909 0.2684198966354564 0.2751163194721006 0.31078264185325893 0.32613488228091086 0.3359243714144313 0.3537358980633328 0.37563707673286706 0.4041417784111387 0.44947831072969513 0.4912802186267059 0.510335946826416 0.5935640505399841 0.6945832087526309 0.945040394110778 1.3616331307540652 2.593234440876592 
1138 14794 0.007176010868460788 16.71069638195991 5.1957899421761855 0.1501892708969472 0.15929270826821698 0.1655448211578098 0.19773606294011578 0.2048554699793193 0.21687523146893653 0.26210221535313827 0.2740332771605468 0.306259355295409 0.31564332207197887 0.3336085043722811 0.34093208172121375 0.36083719858429003 0.390933660260356 0.44241661388877196 0.4958147870945196 0.5183473503938142 0.5905722669090872 0.6815504643764685 0.9265277620973437 1.3095422975404363 2.5097673057868124 
1158 15054 0.006791380477004639 17.147480809735427 5.092883218421455 0.1430603502679093 0.15434117574738532 0.1617151198589567 0.19435098418904537 0.20056541664957042 0.2139320509329217 0.2574349400337026 0.2664902872493655 0.30243392279504655 0.31699001563548856 0.3258898271210541 0.3295673247883376 0.3702257292474843 0.38384079018774186 0.4245873490707329 0.4835251653004394 0.5236899043001274 0.5836851986612296 0.6936593614327513 0.9013408071463512 1.2999906012858689 2.453124610853003 
1178 15314 0.01257829016188719 18.02858063424289 5.389159343576526 0.14255563854699127 0.14927110955541462 0.15920674129389192 0.18989358791117128 0.19665711910813136 0.20761642761159577 0.2472016840543722 0.26019536130810866 0.3001112702155111 0.30977328166337575 0.31845958195619756 0.32394149748103357 0.35331160141373347 0.37391775082107387 0.4199583442313818 0.47838292104289476 0.5301774382788904 0.6138027397263478 0.7198156635267466 0.9335872507370044 1.3626984740001882 2.570075824410416 
1198 15574 0.014414495417821497 18.195056158145352 5.596173478586225 0.14010664814772003 0.15209175040137443 0.1584350335315594 0.18981678092674495 0.1915789945259964 0.2044521054746026 0.23875992477140964 0.2524055315315828 0.29671728859018603 0.30480563872007227 0.31243376047383054 0.3231027626515042 0.35903055728771016 0.360810538978352 0.40533834275260666 0.4665762852322355 0.5222546332105843 0.6010290117131918 0.7049930573992816 0.9381237974384449 1.3866571591365529 2.5492483311772776 
1218 15834 0.011315937079968955 18.63570928591283 5.613516594639746 0.13511218887035625 0.14651367005642804 0.1540521551117559 0.18585794175296158 0.192295069024771 0.19856074880606991 0.22961194774415158 0.248330419837216 0.28718883195591205 0.2945756818030526 0.3049027994297399 0.3227753924993813 0.3486258637410144 0.3659557886001181 0.3977350826159583 0.4611875178527648 0.5060357194607479 0.5948773245717635 0.6915676090404121 0.9309936186489176 1.3642442321446895 2.5179114727713063 
1238 16094 0.014061351233174035 18.73164745099186 5.728582535293497 0.13492077000177052 0.14268712553225327 0.15272008557912894 0.18053423318526107 0.19021496168979432 0.19458829515996312 0.22143089931225038 0.24481760206497238 0.2805567740241813 0.28794035461731776 0.29235714654243694 0.31469745364035345 0.3376815663011721 0.36707793504085023 0.41782297229205373 0.4512240716526089 0.5045445393632553 0.5899137917177575 0.6918012772431006 0.914348478294598 1.3893521766308217 2.527288297489524 
1258 16354 0.013478458510721476 18.098268886715534 5.717565622067237 0.1338618629084439 0.14209493122717518 0.1488882135002176 0.17999948322810733 0.18700797870009417 0.19541279898766972 0.21526576460589927 0.2376937194079593 0.27276268629478007 0.27621842050095025 0.2833461927719496 0.3141285486476646 0.3400069306342881 0.36152021481911034 0.4347296682757491 0.44330557109940216 0.5053072403263412 0.568542765500154 0.6895166995381474 0.8819042561968857 1.3338792853108326 2.4226679885936706 
1279 16627 0.009566388931571966 17.385615533219962 5.623555771734877 0.1329358152415485 0.13730161042997005 0.14450376113478905 0.17524137349864988 0.18017955738787583 0.18822181090207163 0.21168843437290422 0.23507098286318645 0.26378693725667257 0.27581221788140314 0.2827238715529147 0.3043342072451416 0.32984763229826436 0.3572689586355098 0.4300309682144235 0.44565199228645697 0.4937501645985366 0.5738869954550653 0.6862769802311866 0.8621873228962407 1.2861231890171072 2.311170974384724 
1300 16900 0.006475525991022029 17.09166806701081 5.4775347811587425 0.12852538573599262 0.13538178208004673 0.14359050694825973 0.1697585627217612 0.17725394255252386 0.18290562160934173 0.20629247696100422 0.23345571028607803 0.25224207704794116 0.2661518281820248 0.27824990692589235 0.29932100294013964 0.31652391112822137 0.34922527114133656 0.41192689405370003 0.4459413630635757 0.49615044074380743 0.5542050902093544 0.6715293788824978 0.8408442057362647 1.2385001715874018 2.1967132311841118 
1321 17173 0.007855177241394356 17.56357891294737 5.225271405964396 0.12379685657111086 0.1310662988322446 0.13683449210710036 0.16779551555525132 0.1741018134154278 0.17786266293477768 0.20286629688407876 0.22820982591462063 0.24766486577566776 0.25938897819986834 0.27014791483546524 0.29573165899836756 0.31707755744101424 0.33888967485752575 0.39987692145630405 0.4548720828194174 0.5019432472055008 0.5499775507152959 0.6682947110010702 0.8957577350787012 1.2658479326676748 2.174315859561533 
1342 17446 0.005806185729043328 17.656061364752773 5.020621082880629 0.12183324245059418 0.13022973407925945 0.1380525237913422 0.1607662313966143 0.17021762578029212 0.1759091641815916 0.19537587034255247 0.22377578668732415 0.23834013324006392 0.2562689535586934 0.26782409808139956 0.30010497845796047 0.3155619773678099 0.328369319423012 0.3829721465633824 0.4469285788455432 0.4854551608968819 0.5415666113979887 0.6517535806720585 0.8989443594531854 1.2411922252313463 2.1510952049744936 
1363 17719 0.010508277560298106 20.832370192014995 6.261423938563702 0.11806610232608511 0.12846321639904917 0.13773684947666837 0.15584351880293523 0.1690562955058633 0.17166520829823567 0.19301655741724788 0.22042047116893762 0.22838648506931236 0.251952608415099 0.25654089270631836 0.2911034990591805 0.30491549862305656 0.32271109434396333 0.3718420210085399 0.43294931433158845 0.47614260242493794 0.5473243325199825 0.6511454852965161 0.9050996062164498 1.3463264708300533 2.4595967507853276 
1384 17992 0.00842637605524059 21.569411327364293 6.741134855704495 0.11743625248480474 0.12854765991408637 0.1359024658942832 0.15605758209863682 0.16609272569482003 0.17018225520229818 0.18870030206002225 0.21574644077589056 0.22029583202466085 0.2428093936978078 0.25154501815002794 0.28300689601626233 0.29592341374160475 0.3298555566430807 0.3643211807164735 0.4208021429788082 0.47810956187173825 0.5359978333141938 0.6302508961252208 0.8789154606891652 1.3023941010411457 2.5330308345889603 
1406 18278 0.006208059068230456 22.215326731192693 7.020910353934344 0.11562123147537559 0.12578323559945964 0.13470527310903796 0.15878249791148738 0.16387469373391741 0.16713435355975476 0.18315893358070776 0.20655055870329256 0.2112016450835077 0.23410693037203184 0.24347414898370373 0.28076950760002023 0.2951287557307368 0.31870383943904923 0.35405697674538006 0.40283792524254086 0.4739537843794923 0.5215774320957015 0.6365402801407019 0.8430990471939809 1.2788655343801694 2.5685634342883295 
1428 18564 0.0050561929897287965 23.33465718516147 7.393711204782454 0.1139862544399318 0.12471336144739055 0.13152726416434216 0.15396042658694906 0.15848010600787374 0.16422897782770723 0.17898332780343526 0.20623915315602764 0.20791721970927546 0.2284084411787907 0.23531750208374055 0.2748873821684543 0.28440453311225067 0.31782863677557033 0.347505261434556 0.3828566304523866 0.4600540778346097 0.5110723999778406 0.6122361650342355 0.8203698525365237 1.2374574567354404 2.659830171176398 
1450 18850 0.004915266886827032 25.852727895874022 8.69702333638885 0.1128296314247684 0.1218514653914841 0.12872801159768865 0.14908035300683578 0.1560422973862444 0.16342991671033813 0.17587438308283973 0.1988906773378198 0.203248460825718 0.21905841488183841 0.2307236927629292 0.2694866681296206 0.2859681108852944 0.30519680052196785 0.3394831945847843 0.3811884283368651 0.4505876748989617 0.5068160054535635 0.5981921631518785 0.793548092791274 1.1949034014132662 2.9169537598162942 
1472 19136 0.006354527564293629 28.813257943119627 10.258859244013236 0.11063499512909866 0.12156568097001914 0.1275183814819602 0.1434273564878986 0.1483019269305421 0.16479583121103708 0.1744161504585643 0.1946044123045177 0.2001462093946524 0.21914594276788715 0.22329818713673116 0.2656914662718529 0.2746461159218118 0.2997920462689426 0.3307691780179662 0.3716957972048267 0.4579610170235117 0.4922306706151906 0.5886443209417693 0.7765694199559448 1.15584030023395 3.1877546521905034 
1494 19422 0.004375456524377785 31.011300988206543 11.690358656792638 0.10794674391724225 0.11707439169186291 0.12783000036231704 0.1388334289190422 0.1435750377430044 0.15695566461274318 0.1737017898883318 0.187342701069427 0.19240246713637418 0.21344292374845988 0.21560506839928686 0.2545057412511865 0.27350355291720124 0.287712403207336 0.3254934794892491 0.3577024647551473 0.4507712621383167 0.4791948356022485 0.5677108850200319 0.7410981387691631 1.126867327789236 3.347568966314453 
1516 19708 0.003335358808510688 33.198653813874124 12.966634973778897 0.10867624226662528 0.11520875359568909 0.12398633638365451 0.13401747644802428 0.13920879384721307 0.15255731482478296 0.16588951149868814 0.18091361180716545 0.1891136897306335 0.20802964449545458 0.2146674592049416 0.24795743363568906 0.26828422950024355 0.2792197913837509 0.3111324790355418 0.34694429734474047 0.4292324444723992 0.46232955746074006 0.55912408141852 0.724839864367478 1.0839900718137194 3.607904944802408 
1539 20007 0.0025174716001162933 38.83177426008262 15.76449644536385 0.10560778462148993 0.11211781106887503 0.1176760568903388 0.1314938043061128 0.1372803096079832 0.14878530062895268 0.16172469906082132 0.17609691507637185 0.18856198515362133 0.19823051133978292 0.21073994636705484 0.24374539516697433 0.2593423526645069 0.2722313479757676 0.3011284310167164 0.3346985422899926 0.41582772052576356 0.4534433726002228 0.544039453742556 0.7030202761361841 1.032027485624541 4.1009376525291215 
1562 20306 0.0024923848561417346 41.82564618903665 17.342559410254886 0.10559587661990402 0.11243966007008199 0.11424413832065332 0.12624754421263976 0.13615932786670973 0.1474656051680009 0.15905815155104272 0.17322045123594088 0.18349480434731208 0.19116495106217696 0.20436519296272698 0.2355252604303698 0.25524432872885006 0.2674286136767604 0.29737247473328526 0.32844013682968154 0.4012752576156846 0.4448258327288393 0.5188373980018741 0.685480474292658 0.9861281230665363 4.4166157745252725 
1585 20605 0.0018022309729884766 45.82847973372626 19.784953889474174 0.10558283149753088 0.10924391991478966 0.11418635744240362 0.1237510517116766 0.13378452367098223 0.14730795129971078 0.1621302460705584 0.16730736088046652 0.17898909043624578 0.18368957184338378 0.2019179884287748 0.22584234948127535 0.2452846860787308 0.2682718845186868 0.282979506491282 0.31432194158029664 0.39319390712788965 0.4292277795300267 0.5010091528976605 0.6572667997132409 0.9504167482310507 4.838700653514029 
1608 20904 0.0011972235960403456 52.361613463393056 23.391733996061564 0.10265962009673144 0.10471850887976296 0.11232741548147081 0.12206691462197998 0.1306801959924613 0.14379282209365016 0.15594325395426667 0.16204536904475297 0.1760228762392603 0.17942659615308745 0.19819791034786208 0.22064634144734765 0.23990334179804895 0.2584075475294599 0.2767299725768855 0.302504027709011 0.38338844084057155 0.420261825520993 0.48466820283393425 0.6320167226026902 0.8908803547544352 5.375423345803829 
1631 21203 5.96168032352406E-4 54.67141231259415 24.52199208601622 0.10010808747096116 0.10380942448436817 0.11128106523975433 0.1177845006581146 0.12611932394764674 0.1418975366647415 0.1515049375936089 0.15540982944447598 0.17175096526714573 0.17607645199397576 0.19154971106312013 0.2124953058325908 0.23489150450493024 0.24812275996142116 0.26692589930480753 0.2937418566154654 0.37024738863825335 0.4074289872965401 0.4635768457944555 0.6179322588203633 0.8335961510299694 5.473050525950158 
1654 21502 3.2871819951746834E-4 56.07417241338873 25.345117508560907 0.09813265067326561 0.10050229185368219 0.10825472252336596 0.11379577900426582 0.12218228517539718 0.13700308463699842 0.14654315399053058 0.1519883835754195 0.16800434885033844 0.17486572400836595 0.18787689957650483 0.2027314174148896 0.2296285487253741 0.23804061292726894 0.2551529595688192 0.28883112877536427 0.3590314059325007 0.40369357378425896 0.45146888440126776 0.5854088979344787 0.7758967902862206 5.502707173235543 
1678 21814 1.3290465323860024E-4 58.48118177782382 26.51451249664952 0.09412699812322263 0.09711522460949232 0.10551991642086225 0.11426587645583255 0.11830927815597497 0.13238898171488747 0.13939819302257286 0.1483259748866871 0.16076926225961055 0.17256709633673048 0.18440262247592984 0.19389198942999977 0.22372132183249208 0.23047116402282042 0.2404368951036051 0.2799345906947972 0.3410205175950932 0.3877645521509836 0.4357492406470563 0.5550684992969569 0.7318035256225428 5.504658087445065 
1702 22126 3.988189071772096E-5 59.55747445300847 26.897822348672207 0.09083438235777956 0.09493523977620394 0.10316580072660018 0.11143781098713694 0.11388186451782521 0.12994562285948416 0.1370043032688325 0.1448050654817945 0.15605401632415034 0.16383424347436082 0.17718038523941362 0.19110659043269038 0.21710480625080264 0.22424786149771317 0.23440781711117117 0.2668088555583162 0.31856261424632865 0.3688246679716407 0.4205941994723901 0.5228172081415146 0.6786958218155537 5.409866406728259 
1726 22438 2.0110139845642515E-5 61.75646075181605 27.094645973480922 0.08702883752017558 0.09317853903050471 0.10084275497837518 0.10751365933450072 0.11242500428879484 0.12674159986849368 0.13681756427543493 0.14413107227634056 0.15000759301677508 0.15798617923414515 0.1761751488872916 0.18922736908464932 0.20769084712058047 0.2168500953338545 0.22571663517631652 0.264120703890704 0.3108315666067753 0.3610058229923553 0.3984151491269839 0.49962431839232707 0.6352660795630485 5.3745929885909 
1750 22750 8.480402225373603E-6 62.341993910587945 27.73054403414739 0.08582306725806535 0.09416282785361348 0.09725130155705344 0.1056916005195701 0.10992062108989825 0.12080645022221005 0.1320245028177706 0.13764399724391457 0.1432976758395331 0.1597224438722482 0.17328485224598922 0.17971779392233345 0.20070512240205293 0.20691591905194975 0.21709378872884164 0.26199874998629286 0.2942797385212949 0.34960307652701506 0.37960992769207336 0.4764530113017816 0.5943874561315448 5.35038113639029 
1774 23062 3.6522061221616278E-6 60.67167771978966 27.2679928629352 0.08542683766727494 0.09056738143209356 0.09795404249578164 0.10122225592860565 0.10746212136143832 0.11879282270619712 0.12804764736469598 0.13239686805911205 0.13818672892169845 0.15877990973931963 0.16724604545110186 0.17413947519639814 0.19010732352862592 0.19880125024262246 0.21092480369486258 0.25087977735166217 0.2821137713091945 0.3397079427167859 0.36634752704836826 0.4448347125480439 0.554720109461518 5.182989563569693 
1790 23271 1.739974035739674E-6 60.31299310257459 26.648695389952483 0.08289388981501108 0.08844914840933443 0.0956216798129059 0.10064979575896985 0.1047172450279618 0.1150090209324201 0.12506953771062065 0.13143726396584152 0.13594509442365463 0.1578773439143484 0.1647962958242322 0.17029408832606616 0.18694932419236124 0.1940148533098773 0.2058306973551306 0.24524790182000425 0.28031142353088895 0.3367536664854572 0.36027746448580367 0.4297936990496912 0.5338649222669803 4.999578604658342 
