1 6 0.6662329567663448 0 0 300.32754689744223 299.8264964322758 
2 12 1.3585993584478826 0 0 301.43792614842596 300.3961512851583 
3 18 2.6391747798690646 0 0 300.3875358026198 297.4610906043989 
4 24 4.241465292927004 0 0 300.75031686756284 296.57579073960585 
5 30 6.901126405274793 0 0 304.01898327560133 295.5232135401562 
6 36 10.004406709930487 0 0 305.9324577652095 299.8414512240861 
7 42 27.194185116118696 0 0 332.4561745073446 302.40106532510754 
8 48 78.38276863087943 0 0 368.46577167147746 363.328857850018 
9 54 131.06449010077378 0 0 379.1502258971031 309.61715091860094 
10 60 225.54604380399516 0 0 484.7658491823273 348.6574487903413 
11 66 413.9539535555874 0 0 635.3318704235414 575.9132796385816 
12 72 663.6870434876777 0 0 41.90259670564164 180.3711725019308 
13 78 1091.08652099134 0 0 556.2389491680274 -165.0910432728473 
1 6 0.17427184832524004 0 0 1.0578629928600383 0.9004613142479749 
2 12 0.16109089433950718 0 0 1.0934823650642045 0.826103528117065 
3 18 0.1807330314228684 0 0 1.0654167317486523 1.044562358585585 
4 24 0.267625135970459 0 0 1.3286139710553808 0.7557067314874373 
5 30 0.24155937054688995 0 0 1.0595639519037465 0.7766827090323396 
6 36 0.3102056985953412 0 0 1.0491068800203769 1.2276830798604312 
7 42 0.47762633390437553 0 0 0.7467753867380691 1.8454866207333946 
8 48 0.4543617060939636 0 0 0.6113171200114147 1.729551571153875 
9 54 0.3951850928431663 0 0 0.9892111793685255 1.4572556932735397 
10 60 0.37208063188933416 0 0 0.8035920657101836 1.8979251626668818 
11 66 0.32381388408464523 0 0 0.6639177499889757 1.994714605047025 
12 72 0.2701036205697421 0 0 0.5992210148264775 1.9501547775699346 
13 78 0.31269705238976736 0 0 0.7461914247093814 1.540943055339067 
14 84 0.5742399378580877 0 0 1.0799598202258858 1.7133709788767442 
15 90 0.5698753657659957 0 0 0.68383842627105 2.412018532581184 
16 96 0.4613866965963137 0 0 0.84809397006738 2.279391091303865 
17 102 0.3958852393376924 0 0 0.785671701969076 2.495223769656837 
18 108 0.4498720760686627 0 0 0.5265327102613442 2.4159929979857377 
19 114 0.3603240180041386 0 0 0.789482896749343 2.305700799961235 
20 120 0.38521135444965615 0 0 0.5001381405250341 2.6541450902580834 
21 126 0.286355634589306 0 0 0.6866470069816317 2.4456439652400728 
22 132 0.24833624688895203 0 0 0.7242659953425632 2.3171645714673423 
23 138 0.211367726612345 0 0 0.7208416680084977 2.2728882967729156 
24 144 0.23828494094907945 0 0 0.6942730817496092 2.1726357293563514 
25 150 0.222460643822376 0 0 0.5984795712767049 2.3332272809993944 
26 156 0.18576319946604153 0 0 0.686273175401117 2.292573548644153 
27 162 0.17196362436254756 0 0 0.7334913305740554 2.2802259769098843 
28 168 0.211293516654034 0 0 0.7689853648230977 2.349758142243764 
29 174 0.1734203480155549 0 0 0.7810065039059277 2.262262874908294 
30 180 0.1755974824955095 0 0 0.8324954092232438 2.1730971644562795 
31 186 0.1358180963145215 0 0 0.782068750621605 2.227219701853278 
32 192 0.2946198609402664 0 0 0.8818445349845686 2.299252941375483 
33 198 0.3175956125435461 0 0 0.8153874267850693 2.4478355275445334 
34 204 0.44958642740077814 0 0 0.9060884238674436 2.2974897568781247 
35 210 0.49669890902960406 0 0 1.0602578232440203 2.327839260738631 
36 216 0.47812430474656054 0 0 1.0258470277078873 2.503699012862174 
37 222 0.6047831581958372 0 0 1.037640313815055 2.805295039308275 
38 228 0.5644740855562752 0 0 1.0126733580753386 2.8681827373845388 
39 234 0.5516063359520085 0 0 1.0856656896588728 2.46518246128195 
40 240 0.8452933676848952 0 0 0.8924990997604243 2.5995862418679048 
41 246 0.7262112435165619 0 0 1.0162770136406623 2.8058703333793416 
42 252 0.6393189934228457 0 0 1.1072768846037018 2.59431130912167 
43 258 0.6211269971519239 0 0 1.182510316429702 2.3678094401379624 
44 264 0.7039951736416504 0 0 0.9606139746381733 2.8511662452261293 
45 270 0.8155884575259197 0 0 1.0539445778197765 2.1450892535196324 
46 276 2.011393882876927 0 0 1.0370034232147607 0.9787087470359522 
47 282 2.857373119546117 0 0 0.8107199208320746 3.9424140667822303 
48 288 5.380468455653762 0 0 -0.021982026365598636 7.852826049562094 
49 294 8.046101125352804 0 0 -0.2854506987281992 7.390423346715413 
50 300 10.008744374585662 0 0 -2.46842532915142 9.901560154107202 
51 306 9.776720209762736 0 0 -3.1578011578138723 11.253614688509696 
52 312 7.396771407463958 0 0 -2.8364767616385924 10.65950614744575 
53 318 5.992698870280452 0 0 -3.321686300659507 11.321516601278093 
54 324 4.820275735240293 0 0 -3.5267038738562984 12.60543059937131 
55 330 4.067510491317071 0 0 -3.8231367309301687 12.559719184781496 
56 336 3.08975376840639 0 0 -3.5095417861186045 11.960113372507445 
57 342 3.1182369213137284 0 0 -3.783802130538239 13.704605174422833 
1 6 0.15873695573565916 0 0 1.0525847823655496 0.9556442340974671 
2 12 0.25705636921917185 0 0 1.0395395986030662 0.646152846912978 
3 18 0.23248663270463102 0 0 1.1677201699560882 0.7961838383764439 
4 24 0.19450823220650315 0 0 1.169043051409111 0.7369707659985395 
5 30 0.18251480860867214 0 0 1.2288715299076882 0.6650752670060224 
6 36 0.2719297156661177 0 0 1.4272607077075916 0.5073839332424388 
7 42 0.24792991747804177 0 0 1.2687571291486583 0.46611308574517707 
8 48 0.2232206923609452 0 0 1.2889364285117153 0.3746884438080241 
9 54 0.22524009425454175 0 0 1.2993531169219987 0.2362891285223569 
10 60 0.40649280666878335 0 0 1.6122710006372718 0.030553158701067406 
11 66 0.4870620794031212 0 0 1.8040141467483977 0.35164483208678704 
12 72 0.5896268194507234 0 0 2.1114254462510598 0.09986439385197729 
13 78 0.4644569386592118 0 0 1.9833997251104745 0.13658959929315387 
14 84 0.5059391874840766 0 0 2.1722277725160115 -0.20825909667533815 
15 90 0.5748055839652525 0 0 1.9663386902407325 -0.5310176250635908 
16 96 0.4900599430403248 0 0 1.8069402431605979 -0.13066437640212195 
17 102 0.6187988774956955 0 0 1.35469822839194 -0.20932110613291657 
19 114 0.4940787765022683 0 0 1.58378883154094 0.046173661521952625 
21 126 0.6741698476166668 0 0 0.865418150909875 0.23284181462534204 
23 138 0.6789915265768841 0 0 0.518395472945087 0.4424819035182051 
25 150 0.8214793968421766 0 0 1.04779797376572 -0.43180360573959453 
27 162 0.6741743470999045 0 0 0.9174821208933838 0.25171903099290216 
29 174 0.7060539506482866 0 0 0.9704807994819201 0.7539034300016914 
31 186 0.7092956928032288 0 0 0.8482503875669436 1.275651434489203 
33 198 0.5411502907532654 0 0 0.9514823035686857 1.325793078669748 
35 210 0.51230144420166 0 0 1.0861195887618604 0.8051482171838562 
37 222 0.3731528941902163 0 0 0.9657063218632794 0.9889367853747069 
39 234 0.29260466005806485 0 0 0.9967621041130449 1.1298147386928754 
41 246 0.24269527797234167 0 0 1.076039973593298 1.1336198759773715 
43 258 0.18984157796317055 0 0 1.037773918541479 1.156604872768227 
46 276 0.1949009460214315 0 0 0.8919001090420166 1.2261800837371006 
47 282 0.189522246503609 0 0 0.8608188966244461 1.2204662698760242 
50 300 0.32293311906141087 0 0 0.7368413597736385 1.326307304992059 
53 318 0.251254484497519 0 0 0.7457091285406197 1.2836873860421028 
56 336 1.9808307086717951 0 0 1.529161529896978 0.43601062589314266 
59 354 2.8638170873199917 0 0 0.09755810177958804 2.7054479236217577 
62 372 4.36497803949219 0 0 -1.7310545228599985 5.045735745649922 
65 390 6.088642032266443 0 0 -4.388961610241656 4.654252839870325 
68 408 5.134064852240594 0 0 -4.881663817774005 5.76307531556924 
71 426 3.0263775508544395 0 0 -5.305666449493546 6.44412855830039 
74 444 2.5352028189749682 0 0 -4.850156462644722 6.298459166148252 
77 462 3.071246123755616 0 0 -6.221686245957596 7.380863083272247 
80 480 2.1278952895341217 0 0 -5.0454490355339825 6.321529379979628 
83 498 3.027494235380879 0 0 -3.9534229689938183 5.942578065795505 
1 6 0.16280178532960612 0 0 0.974505030711178 0.9227551284974007 
2 12 0.17010305752727928 0 0 0.8424767242461387 0.874592370897447 
3 18 0.1507035994001594 0 0 0.8259273544994378 0.8419068690170115 
4 24 0.15743474794787954 0 0 0.8837086296647322 0.7427442682485017 
5 30 0.17749604003105796 0 0 1.0222158372461543 0.742593381371776 
6 36 0.16012146276317366 0 0 1.0510672497860605 0.7414760737886521 
8 48 0.12522872905533491 0 0 1.0659661184103406 0.6764016742570775 
10 60 0.14163316595085249 0 0 0.9541610028564744 0.7543330523542998 
13 78 0.102979797485092 0 0 0.8459521164812962 0.6504389783117938 
16 96 0.10408898828509482 0 0 0.9307069101080125 0.7151562356704909 
19 114 0.106884872335487 0 0 0.9669256642034001 0.6319452081685556 
22 132 0.17011645199970557 0 0 0.9352347498540892 0.7337304426604222 
26 156 0.17956881499296037 0 0 0.8737967666456854 0.7186904238279733 
30 180 0.43787253413897953 0 0 0.5177516967809475 0.8892449761244375 
34 204 0.508145676607677 0 0 0.9728831434586079 0.5387287335760668 
38 228 0.7698917028838765 0 0 -0.04076149561541274 0.971332435853987 
43 258 2.0331215042128954 0 0 -4.958001402273568 1.7493410859299279 
48 288 1.1264135962305886 0 0 -2.810547437563564 1.4081340927412633 
53 318 1.364384513851997 0 0 -3.3312530861180103 1.445718650684288 
58 348 1.81757467109068 0 0 -8.658295877515304 2.233132644152179 
64 384 2.2122938838663515 0 0 -7.28079333398524 1.1985658735361815 
70 420 1.4274478175739589 0 0 -5.91693278986542 1.1070581391175656 
76 456 2.8627225183533773 0 0 -5.2174531989403565 0.06795793491123603 
82 492 1.0167443605746775 0 0 -6.17737776374333 0.6844556525088683 
1 6 0.18465057599278134 0 0 1.0305865092300097 0.8594423859047603 
2 12 0.17085547208816126 0 0 0.9138118885835187 0.8334100399723623 
3 18 0.17051365354519693 0 0 0.9234309332984134 1.0152526766119365 
4 24 0.12923527653005315 0 0 0.9756846698743455 0.9493911817883468 
7 42 0.10872668868432853 0 0 1.065315765264096 0.8761625318010104 
10 60 0.10661351343648585 0 0 1.2377148290046143 0.8443554239986485 
14 84 0.0886462005609372 0 0 1.1145223815395044 0.8691574333347917 
18 108 0.15226761010770518 0 0 0.928623831971018 1.0093091257764857 
23 138 0.16950117773174672 0 0 1.063020518751638 0.9058125460847402 
28 168 2.6009996290700927 0 0 1.97434542007715 2.0404432619795467 
34 204 0.8364290006655907 0 0 1.1540387828835204 1.909965551521775 
40 240 1.543399061745003 0 0 0.13962410177265 3.734571935293338 
47 282 6.224849412610271 0 0 -0.9218827141550368 -1.2407835229062947 
54 324 14.853474274015834 0 0 -10.051577283501704 24.39109055818826 
1 6 0.18146785909931995 0 0 0.8725837566560741 0.9547353909129735 
2 12 0.24857707527666795 0 0 1.145384406840368 0.7972247989243648 
3 18 0.24360643251886985 0 0 1.1961308108166304 0.964338599302905 
4 24 0.19574403455495734 0 0 1.2041270006882183 0.9073564226427616 
5 30 0.19639833559054548 0 0 1.3368326244617248 0.9877309776086717 
6 36 0.2542803130714103 0 0 1.3165535585417507 1.2388592028041996 
7 42 0.21210455719472465 0 0 1.361741039455115 1.1630451308068488 
8 48 0.24443504656878334 0 0 1.1019992933829938 1.2186669827097207 
9 54 0.4090642877739005 0 0 1.400548312083847 1.6829242750397189 
10 60 0.4882280264956948 0 0 1.83583815680471 1.4920399357183438 
11 66 0.363192902866715 0 0 1.5018270752838805 1.3048825431811557 
12 72 0.28765138779319854 0 0 1.4174015385300938 1.4273547307647387 
13 78 0.21957737380620268 0 0 1.4925728697956342 1.4547016941968092 
14 84 0.30474630468017194 0 0 1.821492544394678 1.308092275460139 
15 90 0.2801294448157465 0 0 1.7644018909019419 1.237086368570966 
16 96 0.36016008052405046 0 0 2.156262774060102 1.1094152788158882 
17 102 0.3323025455809457 0 0 2.1825301581334253 1.2064354472917858 
19 114 0.24074808274958429 0 0 2.2579959071058466 1.2742130299983692 
20 120 0.2434170558560221 0 0 2.2870426531163797 1.1047338092054257 
22 132 0.18727531467847663 0 0 2.4008027721927485 1.03936381085051 
24 144 0.13358432943629742 0 0 2.3928177986742885 1.0034684344170912 
26 156 0.11466794364973729 0 0 2.280393641407843 1.027302974501244 
28 168 0.11770157676033369 0 0 2.284451201930227 0.984752345677451 
30 180 0.39655707332243095 0 0 2.4838515709083535 0.8415753165012488 
32 192 0.5454483167044047 0 0 3.0975351412662744 0.48969191984091964 
34 204 0.7166358008563909 0 0 3.6928522337867613 0.35312310981141337 
36 216 0.5174287638389712 0 0 4.018083810085924 0.13683555007430223 
38 228 0.9668048003854539 0 0 5.455903374759467 -0.4405533344353578 
40 240 3.0870000223714795 0 0 7.883831265102815 -2.8512052793035014 
42 252 3.3138461469635185 0 0 11.312931409287724 -3.3129383497640643 
44 264 4.019736629157621 0 0 7.846445092343682 -4.057525043487082 
46 276 4.93825343797155 0 0 5.130056080510782 -4.784479127820841 
49 294 8.306829883210616 0 0 -8.41877362017695 -0.11357137785290417 
52 312 7.5169995085735914 0 0 -2.9404136074386225 -0.6354187614674747 
55 330 4.513307465314556 0 0 -0.24180089325775633 -2.8812978059371694 
58 348 3.573640906924453 0 0 -1.3275399831760875 -3.0267647429332802 
61 366 2.088353772971301 0 0 -2.3297835467156305 -2.438676145056546 
64 384 1.4261498940930772 0 0 -2.9904021888881136 -2.0269092666464976 
67 402 2.1757572282310513 0 0 -1.6252398079401797 -2.3546225833855736 
70 420 1.2895072902340676 0 0 -1.8409984189885125 -2.3205736411421722 
73 438 1.2686171848945542 0 0 -1.5682779270054683 -2.50628317921103 
76 456 1.5330498733862328 0 0 -0.15748068223516093 -3.3995028354056576 
79 474 1.856292850333921 0 0 0.06867045209589419 -3.377418234959256 
82 492 1.4398600113533737 0 0 0.3169631254844219 -3.530623738568633 
85 510 1.8987183617445582 0 0 0.4181302641849808 -3.6831857261768763 
88 528 1.5655643302059805 0 0 0.8486721091070641 -3.948064797797162 
91 546 2.2025693660369194 0 0 0.09150686000379984 -3.5239640342835905 
94 564 3.5388057769687666 0 0 0.6193818555605901 -3.617352153677703 
98 588 7.185140524121848 0 0 -4.141293617416876 -1.0525744937652537 
102 612 9.121230904228028 0 0 -8.529058226620702 1.4477337149467064 
106 636 13.905644393733974 0 0 -15.16641338373054 5.085725883261964 
110 660 18.22861482848179 0 0 -4.1004508559543895 -1.0249111000891065 
114 684 12.780846750989914 0 0 0.7169477281495038 -3.977234764400205 
118 708 12.579215239879973 0 0 5.354491245474701 -7.64282801064302 
122 732 13.569079730519634 0 0 3.34881868861218 -7.387491583473205 
126 756 6.7531235658136 0 0 5.484131937026548 -8.29635847154039 
1 6 0.17575161638986966 0 0 0.8870154639747635 0.9616003238592055 
2 12 0.23404869592012165 0 0 0.6883383254240643 1.0931543490598303 
3 18 0.2909250186153029 0 0 0.5119213167999654 0.9042466794490712 
4 24 0.2940338268215064 0 0 0.3831208932513802 0.9562039238807238 
7 42 0.5763582809995402 0 0 1.5907860027197969 1.3458128217147562 
10 60 0.5757281488749928 0 0 0.7675383071473572 1.9261308231546146 
14 84 0.4249839049601859 0 0 1.4654267600207398 1.9582011271453204 
18 108 0.40996612008300304 0 0 0.9249818906593545 2.499828858670509 
23 138 0.39282436899649975 0 0 1.5107653282286448 2.732431380878749 
28 168 0.40729129334513586 0 0 1.2942785113465403 2.9697225246100563 
34 204 1.663831898137486 0 0 1.4982039711535218 3.907562950418386 
40 240 3.480160659176605 0 0 -1.0997233462482083 5.87787262288758 
47 282 8.824573247483416 0 0 15.210080599052803 -0.05926949306863111 
54 324 10.080021160378278 0 0 11.018962668237114 0.5019793212976502 
1 6 0.20865903444644443 0 0 0.8424116331164373 1.130356687799519 
2 12 0.19858402079810192 0 0 0.7622369408920571 1.0286511011025417 
3 18 0.16277403379592836 0 0 0.7428398513803851 1.0307849237997304 
4 24 0.14272924937630926 0 0 0.840043752265997 1.073422746138177 
5 30 0.16497887520022048 0 0 0.9528118785702304 1.1278208733570867 
6 36 0.16151333911212076 0 0 0.7918262585833022 1.0011995608991096 
7 42 0.14354810039107976 0 0 0.7471023083263448 0.9838586219226662 
8 48 0.10483174196163887 0 0 0.7769792008779863 0.9910028408697346 
9 54 0.0808121993426815 0 0 0.7532376723041614 0.9923741654751933 
10 60 0.06856828053744449 0 0 0.7731513825444202 0.9700305623965995 
11 66 0.07178135069739593 0 0 0.7969196423613597 0.9446015463618854 
12 72 0.11660466872008923 0 0 0.8081669769896266 0.9245573376515421 
13 78 0.12353713568879887 0 0 0.8637897702423886 0.9938345575733188 
14 84 0.12960252819746906 0 0 0.9136733218471547 1.0148806313843406 
15 90 0.11856268310628337 0 0 0.9376108288406302 1.0056850218243893 
16 96 0.10613829347911706 0 0 0.9431707287577491 0.9767290514721222 
18 108 0.20047652508343602 0 0 0.8102782364936448 0.7751123935924007 
20 120 0.22249196151340822 0 0 0.8346422181306032 0.8092747192431003 
22 132 0.21080016885767047 0 0 0.734290381692458 0.844953250716925 
24 144 0.22905627996821495 0 0 0.6925886281581817 0.7464753149905637 
26 156 0.132830749638838 0 0 0.703396416114405 0.8137592589686354 
28 168 0.27504068570603096 0 0 0.850571985194005 0.8929538687734734 
30 180 0.26955484101782895 0 0 0.807690416078773 0.7593907816927165 
32 192 0.3629657281544003 0 0 0.7642859190089262 0.7840332566725751 
34 204 0.4364968744350934 0 0 0.7407982215894872 0.7393675369435104 
36 216 0.7948387110264493 0 0 1.2401122786561793 0.9101655846506257 
38 228 0.7147281456202014 0 0 0.6671221655403008 0.4975597879106857 
40 240 1.0183050583641498 0 0 0.7075396844119866 0.3551664662602397 
43 258 2.130282522250216 0 0 2.4223738828384302 1.4555042873739228 
46 276 10.445447495570606 0 0 3.6354352023343557 4.532768311934752 
49 294 9.2132213653321 0 0 3.4970036902171033 6.43000815598617 
52 312 26.25240106819281 0 0 8.65798577366845 17.380062190772094 
55 330 30.296500346515362 0 0 13.673490956126074 4.045050190208982 
58 348 23.85987116740254 0 0 20.894433072741194 21.966397554454428 
1 6 0.21197671539918803 0 0 4.889587528876085 4.81861673260321 
2 12 0.20949855926619543 0 0 4.765665090044312 4.822093945599947 
3 18 0.24985988798662429 0 0 4.592680305657524 4.6858053444130245 
4 24 0.4136559365927107 0 0 4.182031598931495 4.458503545997495 
5 30 0.36957294352817344 0 0 4.370843130777775 4.457081717035932 
6 36 0.3085442403752214 0 0 4.536040066488214 4.693849004639063 
7 42 0.2539887017077137 0 0 4.651331402077614 4.658274515948257 
8 48 0.20386642327718144 0 0 4.677519565078528 4.729073324556147 
9 54 0.2047708828658156 0 0 4.449738424269509 4.592671211783352 
10 60 0.20565565139922207 0 0 4.406547264278858 4.675836735865012 
11 66 0.18192464961324145 0 0 4.49672064534286 4.747376627403519 
12 72 0.18961843596817776 0 0 4.483803468940328 4.826429404339449 
13 78 0.14680079459199247 0 0 4.4986477684693895 4.81558659634942 
14 84 0.16947182224324053 0 0 4.478842229785662 4.69008841860989 
15 90 0.16192803144681897 0 0 4.587630778482078 4.753977862176034 
16 96 0.15524705133533925 0 0 4.6091631668244695 4.859371477477896 
17 102 0.15886392148040232 0 0 4.692469948846216 4.814286318507716 
18 108 0.124719454089338 0 0 4.688484952975215 4.83778042675751 
20 120 0.1399265507257631 0 0 4.607790202408734 4.811377757710883 
22 132 0.18252487983680277 0 0 4.509351110512989 4.7036227633746295 
24 144 0.11322981387462633 0 0 4.567889259551754 4.709939360013206 
26 156 0.10370748163322828 0 0 4.50565271658883 4.643414376637763 
28 168 0.21556806112808155 0 0 4.506589885418675 4.479080138613668 
30 180 0.2824331808346143 0 0 4.342137332791556 4.292234902784516 
32 192 0.3786873609871587 0 0 4.622357665989764 4.379570796996257 
34 204 0.37260267167514166 0 0 4.900641431632789 4.487270026696319 
36 216 0.3872575602064631 0 0 4.347968825191244 4.138021837059936 
1 6 0.18168018352852122 0 0 5.092355754291878 5.099556474675437 
2 12 0.16734350170278595 0 0 5.0845995166312905 4.943639422982192 
3 18 0.1554300435750849 0 0 4.965011483691139 4.986559743255328 
4 24 0.12113835458183858 0 0 4.987673234469461 4.946031478324936 
5 30 0.10405822799371597 0 0 5.040737103687987 4.928162500806586 
7 42 0.09814423763533235 0 0 5.015979457838599 4.9745638943901564 
10 60 0.22486673581495786 0 0 5.205139170053911 4.97352557276327 
13 78 0.19820578012996745 0 0 4.828626092804977 5.051067088232313 
16 96 0.18715337464645682 0 0 4.857865768016257 4.911083314554567 
20 120 0.12490083232174347 0 0 4.852074174394956 5.062318705744752 
21 126 0.10035973688973697 0 0 4.879426962413538 5.023282596799352 
22 132 0.13275116200135964 0 0 4.956779749068871 4.96476905240064 
26 156 0.13263922180462734 0 0 4.860476640451096 4.8791197554063475 
30 180 0.11358195314874465 0 0 4.886386537932104 4.80808286395735 
1 6 0.14452578929810386 0 0 5.019427289883538 4.989168157566487 
2 12 0.12168071323475403 0 0 4.976180142725945 4.939894457280051 
3 18 0.12601103895884877 0 0 5.041160484463212 4.868401285197541 
4 24 0.1518653927175216 0 0 5.159052681738339 4.863932140972064 
7 42 0.10864377383039847 0 0 5.1760996289010315 4.8036164210724905 
10 60 0.0739968251351131 0 0 5.199244627788195 4.7567209361139176 
14 84 0.07388956794603443 0 0 5.154439613031277 4.833468432070246 
18 108 0.07860227321565497 0 0 5.1492194137309335 4.867112535652634 
23 138 0.12908367557171593 0 0 5.176060898033943 4.914006536262359 
28 168 0.09856522549927697 0 0 5.12465204023336 4.8151382146478525 
1 6 0.19839144332926886 0 0 4.821209443574441 4.984375824890905 
2 12 0.2448417154451723 0 0 5.084406064272326 4.797997154774255 
3 18 0.19087395099607787 0 0 5.024593255854427 4.855656688064365 
4 24 0.21071086281191015 0 0 4.771189909991726 4.921154395003743 
5 30 0.19876093746810147 0 0 4.701334522344805 4.90380149025844 
7 42 0.2843131325361371 0 0 5.160312874713931 4.724225082266164 
8 48 0.3151551757897759 0 0 5.142683263626985 4.518159719766304 
10 60 0.2706006254062113 0 0 5.39079713443262 4.657930447011763 
13 78 0.2174791023019858 0 0 5.266248768923342 4.847706705203916 
16 96 0.3088941783595205 0 0 5.259097668782914 4.761814525268984 
19 114 0.36110392740852537 0 0 5.141371811507927 4.977187846901134 
22 132 0.30519956065871484 0 0 5.382887639671663 4.398103912329456 
26 156 0.25989800967996696 0 0 5.3687100905827805 4.758662154208437 
30 180 0.15360060182858498 0 0 5.244783274631816 4.708426615420445 
34 204 0.12152611160682328 0 0 5.224111000111091 4.727145233283135 
1 6 0.21649342608555258 0 0 -0.08326717769483086 -0.20666654215239125 
2 12 0.21808545385444672 0 0 0.0922897167637576 0.07530157226989738 
3 18 0.2558125154021356 0 0 0.24673051895626488 0.27171192651707565 
4 24 0.32815161883164307 0 0 0.24425166234562817 0.5764416886712861 
5 30 0.2542471297908907 0 0 0.12024365412160515 0.3391917511079252 
6 36 0.20603491176533165 0 0 0.09579799434317698 0.2060522702230757 
7 42 0.22279909910464954 0 0 0.12886452106583993 0.024049573517621315 
8 48 0.5164980278533958 0 0 -0.4138303300050915 -0.0208576808932077 
9 54 0.6802855304647628 0 0 -0.9257867652120119 -0.5765735646321218 
10 60 0.722309544527777 0 0 -1.2036008713103763 -0.9482397736080577 
11 66 0.5816735323757914 0 0 -0.7407960947716549 -0.2932126717000837 
12 72 0.4333517937340031 0 0 -0.6744886831983152 -0.3814751229413606 
13 78 0.5235208533476972 0 0 -0.08231559354755313 -0.14691455723298563 
15 90 0.6652232691065556 0 0 0.7256528531408463 0.5387618561670147 
17 102 0.700183615218044 0 0 1.1415328330015202 0.20817227692753934 
19 114 1.2144304737581608 0 0 -0.005758681821125516 -0.656665053250393 
21 126 0.999211955473138 0 0 -0.23605083898234025 -1.5978770511835085 
23 138 1.1812584626385885 0 0 -1.697384452386863 -1.4794556270019277 
25 150 0.8385757230150767 0 0 -0.8419703005030821 -2.053371511523249 
27 162 0.756343493170503 0 0 -0.3716026972016566 -1.5185720236152889 
29 174 0.8687261219690318 0 0 -1.0260763286371652 -2.3630724828120964 
31 186 0.838670775788326 0 0 -1.5992181304435058 -2.0768852417245007 
34 204 0.7038510333689936 0 0 -1.5055391400121116 -2.3256155575007744 
37 222 0.6440458298983073 0 0 -0.7468094421956549 -2.024278906516976 
40 240 0.5113413328373855 0 0 -0.7313743589893094 -1.77548965857026 
43 258 0.3834270773242958 0 0 -1.215175602311018 -1.865829811025555 
46 276 0.4270415453788722 0 0 -1.1127632694970429 -2.0789006499305187 
49 294 0.6966936000308076 0 0 -1.326384382568102 -2.4631520428666476 
52 312 0.5887843777493437 0 0 -1.7833887060392506 -2.495351167583813 
55 330 1.2660206026172238 0 0 -1.542337698651738 -1.7951504537248875 
58 348 0.9283961783953951 0 0 -0.9847944855930718 -1.660930427767798 
61 366 0.6834935995784229 0 0 -0.593603101308071 -1.6192544733861938 
64 384 0.8037697241428909 0 0 -1.3723012767915965 -1.7320964564125902 
68 408 0.6821403590327497 0 0 -1.9114422784116822 -1.8124447364203755 
72 432 1.8332757259432693 0 0 -0.7942522445944056 -2.0153690689800166 
76 456 0.8482513271964377 0 0 -1.6479653838913393 -1.8744589684945347 
80 480 1.4815176162667936 0 0 -2.0439599583348147 -1.9822380993912994 
84 504 1.6419932464331384 0 0 -0.7559239564175733 -1.97218647378464 
88 528 18.123167775345948 0 0 -6.7404294083839495 -5.85787353928329 
92 552 29.69993129479624 0 0 -21.376855794432053 -5.149266191193524 
1 6 0.18227718695215894 0 0 0.13343670492527973 0.03287255627176136 
2 12 0.18506808218354256 0 0 0.2478051245967021 -0.042865642852066045 
3 18 0.17070985734080185 0 0 0.15244710778292084 -0.12574197476421328 
4 24 0.138551574944809 0 0 0.2047268561442845 -0.13952230824543152 
5 30 0.1326824440607418 0 0 0.29402413816280515 -0.09867295983158766 
6 36 0.1392263606024542 0 0 0.3711060364335082 -0.18123804982602884 
7 42 0.1205344060669283 0 0 0.35094353835753145 -0.21260680205610974 
8 48 0.10945640493603383 0 0 0.3880666039261811 -0.2494037736376002 
9 54 0.0862915124484079 0 0 0.3409824028655952 -0.21869820555132147 
10 60 0.07797667920303525 0 0 0.32999088198916754 -0.17954413557896226 
11 66 0.07522650918362618 0 0 0.342008773561565 -0.24154985292872783 
12 72 0.07075940586452406 0 0 0.37987744753503294 -0.2457799086441182 
13 78 0.07531657643340067 0 0 0.4036564973479061 -0.21778626935616752 
14 84 0.06322930482457581 0 0 0.3916105220428962 -0.20536703611135992 
15 90 0.07009561344866427 0 0 0.34602544994597106 -0.17934788936830184 
16 96 0.06123105769424938 0 0 0.3592400478237367 -0.21503441263867668 
17 102 0.13189046537314236 0 0 0.42536221808037583 -0.29850527873048877 
18 108 0.12752792046289696 0 0 0.37404136222951606 -0.29784182824615846 
19 114 0.18193253017271555 0 0 0.33291095549775124 -0.20292879326074728 
20 120 0.21238765849183858 0 0 0.21840326710946856 -0.18812423824404084 
21 126 0.1790844388833204 0 0 0.24700175831314106 -0.2282002617479402 
22 132 0.20165682659882636 0 0 0.29190134272318013 -0.11062089360923634 
23 138 0.4611825508560383 0 0 0.16398683530720143 0.17505749313549365 
24 144 0.60571873357873 0 0 0.5366270099359175 0.1736632740470987 
1 6 0.26138301324942936 0 0 -0.10007964564035754 0.3000832568574683 
1 6 0.14922399782674764 0 0 0.015717024679204186 -0.034729929103206894 
2 12 0.16735439171101982 0 0 -0.08376893994228332 -0.16319982718335652 
3 18 0.15729962573012396 0 0 -0.12577023042597488 -0.1885558219889717 
1 6 0.27693023375234205 0 0 0.3106422756259817 0.1501090599964621 
1 6 0.17188243159291097 0 0 0.0565371019977494 0.09235114389427523 
1 6 0.21984207387841437 0 0 -0.10352145614794912 -0.2058657122298345 
1 6 0.2208400170496852 0 0 0.09585313910228425 0.21201552240929625 
1 6 0.18122594132178216 0 0 0.02249922881258551 -0.13266103616559397 
2 12 0.17873622683725543 0 0 -0.13065075983569663 -0.07814906081083439 
1 6 0.17301453771116332 0 0 -0.09346665531313218 0.06087222044598059 
1 6 0.2203935898486513 0 0 -0.23112668262965558 0.015890174810135372 
1 6 0.19860153241057613 0 0 0.04610566333455553 -0.17399218476849543 
1 6 0.20357100087339558 0 0 -0.019696118655150148 0.19125217950677545 
2 12 0.1789333325213119 0 0 0.0744940965382771 0.1842008793451271 
3 18 0.35768890692347105 0 0 0.35284681544406027 -1.8285049740264514E-4 
4 24 0.39253193443159473 0 0 -0.22729782997366577 0.19629375288041964 
5 30 0.6128998618631767 0 0 -0.2892449993541601 0.36059995273125633 
6 36 0.5310567061032557 0 0 0.053796554538722535 0.4512558535939785 
7 42 0.4036066782098665 0 0 0.041071887633761975 0.2909995344429629 
8 48 0.3762682626503913 0 0 -0.0346670631445335 0.135428389520371 
9 54 0.33309590159447416 0 0 -0.15068398648993417 0.11232848180059578 
10 60 0.2941903709130007 0 0 -0.2836569029285498 0.12719358747631765 
11 66 0.21296099353052772 0 0 -0.19155358683291152 0.13517830263558586 
12 72 0.3042074799396603 0 0 -0.2911212363310612 0.09574646710580349 
13 78 0.6472358149441113 0 0 -0.7745318800535094 -0.0014737229033272184 
14 84 0.7504261624096643 0 0 -1.1712230716792456 -0.06460157577822286 
15 90 0.9351765248320569 0 0 -0.8464601798455951 -0.566955210984116 
16 96 0.9850467375420073 0 0 -0.7593995609567031 -0.8380229856811098 
17 102 1.0704328053482857 0 0 0.11373876680828979 -0.628007088505129 
18 108 1.0343718394892938 0 0 0.2326841977719613 -1.0459687015253178 
19 114 1.0541902922472672 0 0 0.5600078784582871 -0.47142684361185755 
20 120 1.4037626551917166 0 0 1.1480307781249646 0.16352212281737064 
21 126 1.1083019259749667 0 0 1.0034669889682877 -0.37008524743281795 
22 132 1.050915985035408 0 0 1.0554919968608487 0.16989123615635754 
23 138 0.9407469568122364 0 0 1.15842690956669 -0.46147244413898963 
24 144 0.7365550288880686 0 0 1.2039602263048252 -0.14241894969306274 
25 150 0.5471153547692978 0 0 1.098045306789623 -0.18795448867386916 
26 156 0.60405838165017 0 0 0.8109285498367194 -0.40357140934373 
27 162 0.5397824304129457 0 0 0.798201306716616 -0.49291114789919677 
28 168 0.4592305482611651 0 0 0.7619290112194828 -0.5754238707438475 
29 174 0.36203302275805954 0 0 0.834776396743833 -0.5751650492971133 
30 180 0.33710913958336547 0 0 0.9498544282390385 -0.5428390437880593 
31 186 0.3479591488729387 0 0 0.8257197856203365 -0.7097608251592629 
32 192 0.33889016864843535 0 0 0.8075727721114401 -0.7850764291410116 
33 198 0.2833468242190636 0 0 0.7960432279135057 -0.8054445312240317 
34 204 0.1973811214524927 0 0 0.8046905379200618 -0.7821879432291593 
35 210 0.19636952876134123 0 0 0.8141560461267534 -0.7100579692138235 
36 216 0.1959387032701643 0 0 0.8600852790092468 -0.7534795060923858 
37 222 0.235871983453453 0 0 0.895884137389207 -0.811700889229907 
38 228 0.3658275658709049 0 0 1.0315163103228615 -0.75139793133159 
39 234 0.37510100253869966 0 0 0.80928000709185 -0.9163575179226269 
40 240 0.27610543673616283 0 0 0.876786368852488 -0.8730857361479829 
41 246 0.3363477073924664 0 0 0.6889936193676118 -0.9302545423338454 
42 252 0.39093228399113367 0 0 0.5653509682515236 -1.0380515439291256 
43 258 0.4334084546201137 0 0 0.6653167994047744 -1.1555691576874416 
44 264 0.5890165190221907 0 0 0.40572641407432897 -1.393954024094199 
45 270 0.8013728470889077 0 0 -0.010261957478949542 -1.541897517885817 
46 276 0.9042847837115381 0 0 0.5769820436308125 -1.59874365062868 
47 282 1.338956942295152 0 0 -0.12388615955783924 -2.352724365281737 
48 288 1.291410141257812 0 0 -0.4538898062982055 -1.829747951386842 
49 294 1.0693708770912163 0 0 0.27691568847990217 -1.6118809997087922 
50 300 0.8829661626262565 0 0 0.47323715482193096 -1.4272213342769262 
51 306 0.6406176488050604 0 0 0.43435742698605084 -1.4522829361265734 
52 312 0.5207539804910717 0 0 0.5382243966705694 -1.4731432514996645 
53 318 0.45074185019967816 0 0 0.4563314425509503 -1.602823654791472 
54 324 0.39387974193133063 0 0 0.3048573485435694 -1.6064026270158889 
55 330 0.44274189811757847 0 0 0.052648315416083245 -1.6963862352731753 
1 6 0.21435828559642875 0 0 0.02728447604448755 -0.21617609935435916 
2 12 0.5647350334781178 0 0 0.5368936511660468 -0.512637268847662 
3 18 0.5444544647695437 0 0 0.4860222180011369 -0.6038255102540332 
4 24 0.5221902759954656 0 0 0.5651343314426319 -0.10931943428747866 
5 30 0.5079167756387832 0 0 0.798559937836361 -0.033390534355134234 
6 36 0.5439048470224729 0 0 1.0556283336230672 0.15927457815067858 
7 42 0.4906404668940847 0 0 1.1698720041133852 0.12338812188848436 
8 48 0.6445012826784914 0 0 1.6165875748395158 -0.13974592594366084 
9 54 0.58848214107221 0 0 1.6681086307093604 0.050568440090227276 
10 60 0.5921126842058643 0 0 1.894654821960276 -0.2760741597736782 
11 66 0.6083693966074684 0 0 2.125359467579234 -0.5174473235236712 
12 72 0.7479268484818757 0 0 2.6463842124084 -0.8369450888986905 
13 78 0.6321084825818454 0 0 2.181147936344652 -0.8447619226184322 
14 84 0.5149090236384928 0 0 2.4871499621724484 -0.8001013233811923 
15 90 0.4019448413880284 0 0 2.493441242651111 -0.8905218290136816 
16 96 0.3262783825630752 0 0 2.5414043694449244 -0.7836080814289955 
17 102 0.25513786487901235 0 0 2.5728480750570655 -0.7694172042363299 
18 108 0.3319512703421031 0 0 2.5091853241350885 -1.0038518474316263 
19 114 0.47184578984211967 0 0 2.4832232446628018 -1.273741793586312 
20 120 0.4850981216538792 0 0 2.5243655695666143 -1.3786671490217812 
21 126 0.34924289932994224 0 0 2.521987800095019 -1.2510982989631567 
22 132 0.4056990616875602 0 0 2.2969370766558974 -1.415137369202439 
23 138 0.38639435406842826 0 0 2.414500741138617 -1.0661787661901023 
24 144 0.40226457475288563 0 0 2.5833009532055846 -1.3725628680870394 
25 150 0.43303203235568655 0 0 2.576105945776602 -0.9057221742192314 
26 156 0.33670310303404394 0 0 2.4802856862920217 -1.1733223570649138 
27 162 0.2886689525569224 0 0 2.5855686470594224 -1.0374377466077398 
28 168 0.4029139129354522 0 0 2.640145666939524 -1.5040804964646683 
29 174 0.40454155361753835 0 0 2.546485662681877 -1.635755324953206 
30 180 0.4198867030399883 0 0 2.3864120015850228 -1.3124060994813864 
31 186 0.45962439959762136 0 0 2.325605322968794 -0.9199594153493569 
32 192 0.35384604897125616 0 0 2.377784837806837 -0.9919706819445835 
33 198 0.5587711581040604 0 0 2.263064630242675 -0.24505972740561915 
34 204 0.5114249998304694 0 0 2.2264936656257626 -0.4415138991166402 
35 210 0.5797830966121019 0 0 2.1325816662767374 0.1536668184609388 
36 216 0.6950164629446707 0 0 2.123927557435747 0.8249599124965811 
37 222 0.9146725350691451 0 0 2.131672861854228 1.8009800444369723 
38 228 1.223042931864905 0 0 1.960635924181533 3.2585406717733423 
1 6 0.2625589801159036 0 0 0.22470536025181975 0.22580506172048714 
1 6 0.17576793413285247 0 0 -0.01682702615574547 -0.11818583401172963 
2 12 0.15981656873818956 0 0 0.09936402742541561 -0.09115252738135693 
3 18 0.12980888336351118 0 0 0.09200688951372828 -0.037118725702730074 
4 24 0.16245643210389132 0 0 0.23974467941743047 -0.11600526499461762 
5 30 0.17409935612796903 0 0 0.23402858822900974 -0.20827278234515553 
6 36 0.1319411432361858 0 0 0.22155711588302238 -0.12757079587947426 
7 42 0.11325932094920388 0 0 0.15333360675920646 -0.16062575234661214 
8 48 0.12741951848092717 0 0 0.29813594273591504 -0.1369706791353077 
9 54 0.11824656041784663 0 0 0.287012874509785 -0.19705580524400507 
10 60 0.12720641512953024 0 0 0.39327853492754367 -0.1711068385498384 
11 66 0.15847480641786038 0 0 0.2111477697917305 -0.2677026007921668 
12 72 0.147867128186642 0 0 0.31136180390552604 -0.27756465769169963 
13 78 0.11532144884754367 0 0 0.26852151241244376 -0.2775729570539381 
14 84 0.0924386484476607 0 0 0.26211950706703363 -0.251664694578203 
15 90 0.10393617045026389 0 0 0.21245636464257567 -0.21847872620017356 
16 96 0.18849731411394216 0 0 0.2550269547707573 -0.15876793486979862 
17 102 0.1527152936774199 0 0 0.21471127838835927 -0.17324105155749392 
18 108 0.3244091276331572 0 0 0.4931032851086895 -0.05044755181256449 
19 114 0.7537495780429336 0 0 0.6587870141952415 0.276562114442623 
20 120 1.0377353370421982 0 0 1.3985882152250222 0.6684715915580627 
21 126 0.7950722141908058 0 0 0.7234485050701662 0.350028327361586 
22 132 1.4868763420401125 0 0 2.160148939622071 0.791050584543052 
23 138 1.483819019239056 0 0 2.515090040752374 1.346235302889217 
24 144 2.42507837501469 0 0 3.216417012410542 2.755308012293418 
25 150 2.4362868998532994 0 0 2.8930638208825257 2.7181755956691918 
26 156 2.1294135382250294 0 0 2.0985041854376676 1.3733839096555194 
27 162 2.108052645524393 0 0 0.6692169805170355 0.9065985090905346 
28 168 2.23205343203989 0 0 -0.5538489139090538 0.539477294251698 
29 174 2.9795057478196987 0 0 -2.927699164366244 -0.5437708253152442 
30 180 3.352921682439881 0 0 -3.4688896644649634 0.09288432622873455 
31 186 2.673354743710109 0 0 -3.344130755039961 -0.10283381847893491 
32 192 2.6166893698071703 0 0 -4.897633536480839 -1.1511988543273333 
33 198 3.458335341210329 0 0 -7.424425426965112 -2.7924141444620254 
34 204 5.642956011659126 0 0 -12.842767669783038 -5.036248040435578 
35 210 10.071898572691955 0 0 -19.634627154246534 -6.107387395522838 
36 216 10.837839131265794 0 0 -11.670718014203196 -8.142660125027797 
37 222 9.90123479961641 0 0 -17.45991437160106 -5.93270737552255 
38 228 12.498060331942796 0 0 -17.965243816776653 -0.8378068973639365 
39 234 12.59008195839742 0 0 -5.429608598010578 -2.7342842214148977 
40 240 12.01789214342768 0 0 -1.4628837171129732 2.0655491049395702 
41 246 15.235722274192279 0 0 11.003048224973975 -0.4345053269468263 
42 252 16.159726380159857 0 0 20.351438045323427 1.8282778550172247 
43 258 14.696363277497623 0 0 24.501354791743545 1.7091744647443705 
44 264 16.644889127332256 0 0 19.64018235628035 -5.838349784059931 
45 270 16.62731887174517 0 0 14.629451595237828 3.305381429108702 
46 276 16.317730541293606 0 0 22.6767991335767 8.319596472302262 
47 282 14.43878152431722 0 0 23.14861940078447 1.4016240138499898 
48 288 19.912599953658404 0 0 7.92394955647027 -8.621822483249016 
49 294 24.150190572873047 0 0 -9.101625438465591 -9.87116500056603 
50 300 29.755152273318103 0 0 -28.38817672939987 -10.408464394149712 
51 306 31.338462703499783 0 0 -44.35337593136992 -19.070554932977302 
52 312 32.08597259248997 0 0 -9.890105859788829 -18.341103374098104 
53 318 31.686925144819178 0 0 -30.624114726242507 -7.7956920545198445 
54 324 36.479543625836115 0 0 -22.13265142782019 6.577811202118662 
55 330 42.007127184540025 0 0 -51.38214157922786 10.478706535035563 
56 336 69.32854038067039 0 0 -82.60731195947753 -11.901587692798378 
57 342 135.30117026237087 0 0 -101.41084197686791 52.050815404070704 
58 348 276.18092576770937 0 0 -265.53726204278405 98.80080585528493 
59 354 591.0194868606427 0 0 -269.3906049535113 343.30530820005225 
1 6 0.20670407726240528 0 0 0.04578866262753643 0.19452800705753354 
2 12 0.18533886549853396 0 0 -0.08459784611696781 0.15963006295654006 
3 18 0.1470464850990266 0 0 -0.02386221759343035 0.08454534860776922 
4 24 0.18447732206426318 0 0 0.13386930899166288 0.19012346499178945 
5 30 0.21401894936547752 0 0 0.2293075057485021 0.28655661229800167 
6 36 0.2174118545464238 0 0 0.002939364645566829 0.3020844675568766 
7 42 0.43697469238634906 0 0 -0.30478966850598077 0.34579646980701745 
8 48 0.4241094471693029 0 0 -0.48918998118277807 0.2552043948796333 
9 54 0.3237472863812761 0 0 -0.2966849978520428 0.1875882106217179 
10 60 0.3982062506826111 0 0 -0.4009050280840055 -0.16410265003516128 
11 66 0.4056458310565917 0 0 -0.49916264366490765 -0.2979797758058668 
12 72 0.4187882050210627 0 0 -0.7899218901845901 -0.20892048003811453 
13 78 0.9752770824073879 0 0 -1.1184364078136975 -1.2039246473356062 
14 84 1.0458139835300406 0 0 -1.1386005223938334 -1.692989137491404 
15 90 0.9856504991528602 0 0 -0.9903735056688661 -2.01855567488133 
16 96 0.9819557702859881 0 0 -1.1940832060644997 -2.679598013355873 
17 102 1.1585580798575894 0 0 -1.6025959818577384 -3.799434864622765 
18 108 0.9816147758046182 0 0 -1.0747111737410577 -2.1082173743734494 
19 114 1.232949125097913 0 0 -0.31783704940247115 -2.709877609359048 
20 120 1.438597750871845 0 0 0.10803309724882126 -0.4957060614837362 
21 126 1.3684487212497576 0 0 -0.8942373853770167 -0.7417375903382335 
22 132 1.5285526354284362 0 0 0.2547374433067016 1.0965703382272987 
23 138 1.5043850666542502 0 0 0.6665250161936798 1.9108922187965645 
24 144 1.1902519546402495 0 0 0.6333422416523997 1.1760616320755912 
25 150 1.2055586864193089 0 0 1.3930478049417958 1.977858540536843 
26 156 0.9731281030168836 0 0 0.673634129131747 1.2051263270284882 
27 162 0.7857823122737169 0 0 1.083484243802071 1.6425284214914584 
28 168 2.0177684966133502 0 0 1.2216717321482087 3.81272375444148 
29 174 2.667313102572212 0 0 2.2094255776791725 6.357413573018498 
30 180 2.24619755138157 0 0 1.7714046502075986 5.475601249204706 
31 186 1.8565171874744923 0 0 1.1924107738497944 4.923701697968387 
32 192 1.7938006369025494 0 0 2.1231913408839858 6.9208127268995305 
33 198 1.8149869724216667 0 0 2.371050642288718 5.782086121158894 
34 204 1.4714432373008637 0 0 2.0944740335240635 6.495074078925978 
35 210 1.56731002964435 0 0 1.9099234509175134 4.773075634195294 
36 216 1.466206009114727 0 0 1.3492731022520295 3.9379140626818856 
37 222 1.2673318099530773 0 0 1.7118202303933463 4.0516006766747115 
38 228 1.1689527838370395 0 0 1.8212420439045482 3.765496458493756 
39 234 1.0576236205625644 0 0 1.52195195212888 4.020140303300828 
1 6 0.18388645502394488 0 0 0.13805782929225302 -0.03231294369828758 
2 12 0.35267125145949313 0 0 -0.08976806911378617 0.3019770842653484 
3 18 0.3349991438513852 0 0 -0.08733981489230724 0.41965768901390854 
4 24 0.40194531088073226 0 0 0.32197011137470716 0.13840762065850004 
5 30 0.30504101837225667 0 0 0.180970241179007 0.18863534417680966 
6 36 0.34989403466124835 0 0 0.4761445725204284 -0.07553281225649079 
7 42 0.40269068311944484 0 0 0.7007635899192979 -0.32374096901733584 
8 48 0.6730269831057134 0 0 1.1482748655913473 -1.017942651695995 
9 54 0.5419235572116188 0 0 0.8146147843288805 -0.6089463118722298 
10 60 0.3784869200998309 0 0 0.7466285347430417 -0.5069441455194852 
11 66 0.3947167595585558 0 0 0.3887637089086995 -0.3091380531759358 
12 72 0.35486494112023065 0 0 0.37102956639195334 -0.11256933688653836 
13 78 0.37461325871165685 0 0 0.282330937320014 0.1612042791685907 
14 84 0.3168156639280272 0 0 0.4907433385047385 -0.2285982560484225 
15 90 0.29381288168367364 0 0 0.6675973243922925 -0.3745281668594025 
16 96 0.26228590357395803 0 0 0.613429316470479 -0.20238886638281728 
17 102 0.31195871397301694 0 0 0.8004268342166251 -0.24294065084728894 
18 108 0.42022106137458015 0 0 0.8924256133801982 -0.09505199233294372 
19 114 0.4993066517916402 0 0 1.132665982208381 -0.14867093019245145 
20 120 0.6492148572339196 0 0 1.5208577017219864 -0.17378842659820723 
21 126 0.6195339666390627 0 0 1.4675307510260969 -0.018333194377345326 
22 132 0.5171406817926538 0 0 1.4628297610004701 0.04573526731702292 
23 138 0.46786209443868765 0 0 1.5692491892511615 0.12713722890368734 
24 144 0.5110927027043827 0 0 1.7779795605457651 -0.23658126021287795 
25 150 0.4373262917861515 0 0 1.503676573351661 0.10821851525813728 
26 156 0.32537023565597034 0 0 1.5299850829704809 0.015579342462455743 
27 162 0.3419767776288863 0 0 1.481895840989256 -0.1255902075388832 
28 168 0.32813671423412377 0 0 1.363973572377884 -0.07584353651288898 
29 174 0.34738952234674764 0 0 1.629777872810483 -0.18010670525537167 
30 180 0.40131729460384524 0 0 1.4437278072231 -0.30074387357258336 
31 186 0.31021508576157714 0 0 1.4188043764789424 -0.21504352864574433 
32 192 0.6219084830634963 0 0 1.2563538685391724 0.12682835095130854 
33 198 0.8280549762455793 0 0 1.488991477551771 -0.10495192099696607 
34 204 0.9269733864541095 0 0 1.6122914875564667 0.284598675638037 
35 210 1.1081482778872809 0 0 1.0512308632839202 0.6700103537220673 
36 216 1.4250987287865047 0 0 0.454929020697955 1.1262084898629912 
37 222 1.6122444310630604 0 0 1.2373978455462422 1.3500752744594962 
38 228 1.9114189241412147 0 0 2.239923023271609 1.1856350887461027 
39 234 1.4739814201880883 0 0 1.8238564316190593 0.8039043138080492 
40 240 1.559821514691066 0 0 2.6547500093289074 0.9467646470396784 
41 246 1.8833935205549746 0 0 3.666067466897362 0.7888494608713135 
42 252 2.7799100920412734 0 0 5.345542459517764 0.10106755214614926 
43 258 4.427241233522753 0 0 6.664286216965111 -1.8221495528490101 
44 264 3.580988889395634 0 0 4.127189312106221 -0.6486074911005826 
45 270 3.6910189272235816 0 0 4.197025794598103 0.982029859996336 
46 276 2.8138017403628703 0 0 4.86982424202408 -0.11135745644644608 
47 282 3.1728111378470367 0 0 3.975329647174932 -1.1858665397509183 
48 288 3.6982197276780466 0 0 1.7832997211958554 -0.8470225598924845 
49 294 5.389914468835576 0 0 6.7474204867454 -3.3971387755437017 
50 300 4.629867179514126 0 0 5.608647368473267 -2.7408775092193505 
51 306 5.415450897057505 0 0 10.083636680019719 -3.9397177381514448 
52 312 4.803025288931452 0 0 4.324816322365268 -1.6738981020852444 
53 318 4.246483894071434 0 0 3.235592334334273 -0.6271293584759237 
1 6 0.21180955475294333 0 0 0.07825349899696765 0.19697984378403116 
2 12 0.197530108920959 0 0 0.05187054646833976 0.27367426764059777 
3 18 0.20532967517380496 0 0 -0.1187443658015539 0.277577775331165 
4 24 0.156117802970781 0 0 -0.05719032814591933 0.20129846632676984 
5 30 0.13274482061105855 0 0 0.01526107455013231 0.2058620371771723 
6 36 0.10235362539265656 0 0 -0.03855486279031669 0.2103769033389833 
7 42 0.13101483082991533 0 0 -0.1340380810748799 0.27063395553294145 
8 48 0.10777744782150064 0 0 -0.1136509857067649 0.220918525012132 
9 54 0.08723681048967905 0 0 -0.11676993267428992 0.20105644368231051 
10 60 0.06525869782888961 0 0 -0.12428010161275535 0.20693571298009605 
11 66 0.10193937457930237 0 0 -0.13436926031275706 0.2539628595357426 
12 72 0.19920113877273926 0 0 -0.16143911012201542 0.35811730462384017 
13 78 0.4600576624100452 0 0 0.10392887779533064 0.4410759330846657 
14 84 0.6714534556968481 0 0 0.3712830425603172 0.6799172156116876 
15 90 1.50973677338707 0 0 0.9953482947583105 1.0623031236441225 
16 96 1.9001615064998767 0 0 1.3722231642830036 2.168608469148815 
17 102 3.244627297358815 0 0 0.6090868231444126 4.380891616254293 
18 108 3.226531332090103 0 0 3.046067392764082 3.2205576395964064 
19 114 3.126981813596297 0 0 0.11943023824067805 3.3741740907095585 
20 120 2.7658317679795754 0 0 -0.48428970923181586 3.6249775790713628 
21 126 3.1157628329924667 0 0 -2.4793215755430147 3.98723852835338 
22 132 3.9308656689671126 0 0 -3.197750058096697 6.475206661384088 
23 138 3.7470850991994777 0 0 0.4156990262438381 4.434693580041712 
1 6 0.25982283339175244 0 0 0.31134300877009896 -0.03550124524109656 
1 6 0.188630455321503 0 0 -0.06571121674107502 -0.1397533120228342 
2 12 0.21517471197448512 0 0 -0.22238893385152692 -0.22280073851078117 
3 18 0.5384846889277359 0 0 -0.6193402535725825 -0.5432189826688042 
4 24 0.5913151178974173 0 0 -0.8864962512061478 -0.3977600897421681 
5 30 0.5442498748283308 0 0 -0.6034824326308359 0.0608410865849361 
6 36 0.48418499726815745 0 0 -0.23986471031581885 0.1639916098186187 
7 42 0.37534703561919813 0 0 -0.31556829402138004 0.20811615676619294 
8 48 0.436186797704229 0 0 -0.7728673721681806 -0.2228291711275799 
9 54 0.5491164515062793 0 0 -0.9877956516028887 -0.670058989960282 
10 60 0.4676056548416122 0 0 -0.8994986009294149 -0.5956652227881019 
11 66 0.5093794585293212 0 0 -1.3768848804801308 -0.8455509799570579 
12 72 0.5322105816227239 0 0 -1.6570368456030218 -1.1993538702319133 
13 78 0.6882226689376498 0 0 -2.27890217721202 -1.4540334573173281 
14 84 0.9686818357422728 0 0 -2.484514608165192 -2.392341709695672 
15 90 1.1002372026188543 0 0 -3.361772620678537 -2.9463500955521793 
16 96 0.9798850314432531 0 0 -3.561514462779025 -3.0074424213170503 
17 102 1.1084742926597562 0 0 -4.012725038488272 -4.111819255009516 
18 108 1.5251409726447087 0 0 -5.63720216033279 -5.738927171984918 
19 114 1.74584277797004 0 0 -5.68253983939484 -4.406062257565292 
20 120 1.706778196743887 0 0 -3.165685550245174 -2.29166358256564 
1 6 0.20995289487379254 0 0 0.12321415300727444 0.16706172268651395 
1 6 0.21964995809550336 0 0 0.22652281148622105 0.03981220303146417 
2 12 0.3920302935683445 0 0 0.4057343949004674 -0.0945389347522975 
3 18 0.3963432434815327 0 0 0.6265605097978898 -0.15865900867363347 
4 24 0.5437771382211057 0 0 1.0937453679591036 -0.42532116555716853 
5 30 0.6000667110835598 0 0 1.2698283081454445 -0.688337823909153 
6 36 0.49574535651960266 0 0 1.3086270510011953 -0.5693291615868115 
7 42 0.5605006236429442 0 0 1.667251996863389 -1.0457783922959798 
8 48 0.4312132969115748 0 0 1.3146628847736146 -0.7996319521553783 
9 54 0.37137292699390545 0 0 1.2841213900132529 -0.5885682443199436 
10 60 0.30172811767290186 0 0 1.4201807604045649 -0.7805328870661941 
11 66 0.33227026889572003 0 0 1.5761688295100487 -0.6532673622478988 
12 72 0.6765638965132793 0 0 2.254315826926558 -1.2040510186011883 
13 78 0.8280670744192458 0 0 2.314240120181357 -0.6829246306687025 
14 84 0.9756890484094175 0 0 2.204350893873868 -0.02224749948143888 
15 90 0.7332479542724694 0 0 2.1866524069090807 -0.5943634775802003 
16 96 0.6397949500431799 0 0 1.9508329253581556 -0.08809932503871605 
17 102 0.6979685684357853 0 0 2.8197494600486026 -0.8256649846346761 
18 108 0.5573741654498878 0 0 2.3866092005288313 -0.3218806857454254 
19 114 0.47239428042855536 0 0 2.0589816560590064 -0.20021393664196824 
20 120 0.40094781351800113 0 0 2.267577631798181 -0.1546479985917962 
21 126 0.3390851834544241 0 0 2.2853668149966344 -0.08376372129852559 
22 132 0.34506105083036637 0 0 2.586355163269965 -0.3895514325576166 
23 138 0.2618310228728162 0 0 2.36470723624781 -0.1956493910354701 
24 144 0.28094581877492053 0 0 2.1407903818219394 0.04025313719026637 
25 150 0.30370161130243506 0 0 2.3878593894378453 -0.0232446421391077 
26 156 0.30620478499811044 0 0 2.4377727341251294 0.018889633365871957 
27 162 0.31370180834547484 0 0 2.5222436526761283 0.050161553349980396 
28 168 0.3989641001282023 0 0 2.8786510739157927 -0.1493689201687994 
29 174 0.6041299704209168 0 0 3.2259330959859973 -0.11579602146863349 
30 180 0.6021505511099612 0 0 2.655418513840876 0.2765307516541547 
31 186 0.5265655005276657 0 0 3.072130573676 -0.1270122401321345 
32 192 0.5122832614405902 0 0 2.5151460851944947 0.25275647875331 
33 198 0.4907153588269453 0 0 2.6072474141593154 0.009023251345456382 
34 204 0.4773783759665938 0 0 2.3888732112259907 0.3655352839136394 
35 210 0.47107204630458743 0 0 2.732379177139643 0.2218636043766685 
1 6 0.2774847979607401 0 0 -0.022583015241912707 0.34526436662665116 
2 12 0.25955467133650284 0 0 -0.10254761595608493 0.33064948292008844 
3 18 0.20229653250984558 0 0 -0.04311280593356245 0.18799182272983717 
4 24 0.20166945227308303 0 0 -0.21298454658014568 0.2664839309264218 
5 30 0.18974254028792495 0 0 -0.18634992273181425 0.38639627360843243 
6 36 0.20209113379716726 0 0 -0.13620251391398275 0.520015094596082 
7 42 0.194794556563649 0 0 -0.29995547773449377 0.4386394823806163 
8 48 0.16381335841998185 0 0 -0.2985798599337785 0.3663982751239114 
9 54 0.13757223258281953 0 0 -0.307053990309908 0.3220839829390858 
10 60 0.11918919005822222 0 0 -0.287429907669872 0.2818068340580042 
11 66 0.09180936375112864 0 0 -0.2712561274043588 0.3242500710518272 
12 72 0.10966705771906102 0 0 -0.33894159843317356 0.23564499343460818 
13 78 0.07980708370789906 0 0 -0.29571627087400193 0.27898435129016147 
14 84 0.07580390196841635 0 0 -0.28542769917944055 0.24166322087259595 
15 90 0.06647310650890545 0 0 -0.29051208195470213 0.22386152740046086 
16 96 0.05307153150242359 0 0 -0.2767205705497036 0.24456655636317748 
1 6 0.210833540075621 0 0 -0.11137049730790671 -0.17763666588843355 
1 6 0.18529204828969065 0 0 0.11249629165150277 -0.09238353308775056 
2 12 0.2034330127983799 0 0 0.2786234864625152 -0.09476842914018448 
3 18 0.17401750208359065 0 0 0.2839823438906524 -0.054052164834608625 
4 24 0.20745311878557904 0 0 0.47156917909988155 -0.026112891651483533 
5 30 0.23317468668268254 0 0 0.6104903697438672 0.0013005460376767988 
6 36 0.19002134596105 0 0 0.5836222014960585 -0.04414212461799355 
7 42 0.14774173228942736 0 0 0.6093871615163999 -0.022711708079214122 
8 48 0.12882968682766283 0 0 0.5615911088252152 0.019549132098726486 
9 54 0.3225756162419549 0 0 0.8670706158267616 0.17779686789479793 
10 60 0.3195713045978754 0 0 0.9689748926627221 0.17039649381064637 
11 66 0.3156996400775442 0 0 0.9878553846392261 0.30715769072102256 
12 72 0.38355135521669115 0 0 0.7592938890851523 0.4379560373676269 
13 78 0.3585939930922196 0 0 0.5973570315344456 0.37594319289364087 
14 84 0.3704746267079315 0 0 1.0536918578157497 0.37186810794893704 
15 90 0.3549051291478846 0 0 1.2490548853364816 0.41183552815005076 
16 96 0.39954353976443013 0 0 0.8021878266621152 0.15569176996684966 
17 102 0.3862474945665106 0 0 0.5024159609653654 0.21668428537050183 
18 108 0.35081280702575646 0 0 0.5926405171530146 0.3609158113949194 
19 114 0.31098836467333574 0 0 0.7911534478401065 0.43371860531472134 
20 120 0.328306857413789 0 0 0.4171566563215401 0.4284275754199227 
21 126 0.3678599043642114 0 0 0.5543823507683223 0.5988279444694808 
22 132 0.3980884208936267 0 0 0.31780827821350033 0.6672408891481004 
23 138 0.4460384999304261 0 0 -0.019706494380268086 0.4134754190928056 
24 144 0.4625477037275275 0 0 -0.07524033914918815 0.6718605109751987 
25 150 0.649537422576078 0 0 -0.2975311037693627 0.9752441366863058 
26 156 0.47718452799470235 0 0 -0.051790497718840076 0.629233838236372 
27 162 0.41349607343502814 0 0 0.127835433641187 0.5203350611919257 
28 168 0.6049288870997191 0 0 -0.14976194965989284 0.13799658552690658 
29 174 1.2751470246823566 0 0 -0.2218144237653233 -0.7996253805288963 
30 180 2.1785187101448362 0 0 -1.1296550392729037 -1.9865060945835997 
31 186 2.7774078077932995 0 0 -3.0528532886782105 -1.88931093807157 
32 192 3.5643770973935776 0 0 -4.10200874756033 1.962378197035306 
33 198 3.777968694361055 0 0 -4.490211820065128 3.7725173278807236 
34 204 3.4192816495595477 0 0 -4.8069501944092625 -0.1832859013511135 
35 210 3.1734340230692197 0 0 -5.39563593713894 -1.666524310594572 
36 216 2.9100297630632275 0 0 -6.295651835653956 -2.316332047443643 
37 222 2.3767190074229916 0 0 -5.200862238438846 -2.703014235650595 
38 228 3.0780568588287682 0 0 -7.287619812916653 0.5680063437332532 
39 234 2.8810058316627822 0 0 -7.882243519985164 -0.26466992217855734 
40 240 3.0648873984150713 0 0 -7.060926710476262 2.219416480904175 
41 246 3.061052824472505 0 0 -6.2267716080923545 2.9869576689128463 
42 252 3.3612030758687474 0 0 -6.301444650820918 -1.3764201874330595 
43 258 3.2505217225437466 0 0 -6.874122463846257 -2.4665518998771008 
44 264 4.065681307421612 0 0 -4.105213582062096 0.3251251831502562 
45 270 5.324086004050433 0 0 -3.7493212598462136 -6.78719836903936 
46 276 6.641480049229508 0 0 -7.1919133649578715 -11.896296015636986 
47 282 5.810630063515572 0 0 -7.310349974564727 -3.133957736833957 
48 288 6.52742224010262 0 0 -2.6481366001737747 1.7264953447595937 
49 294 7.794417940108547 0 0 -10.91522764462173 -1.180539121479613 
50 300 6.504946177816422 0 0 -8.336020232487991 2.737547737584319 
51 306 5.157662286070006 0 0 -8.708255739149115 -1.3341240409067765 
52 312 3.8896204924343207 0 0 -7.871310928265265 -1.1032878801779284 
53 318 4.493025407624749 0 0 -10.684504059747596 -5.748614485565993 
54 324 6.342068861163415 0 0 -13.41525497557524 0.19493494146501422 
55 330 5.038353125058606 0 0 -11.720319293988828 -4.406747496769352 
56 336 6.6026559051418525 0 0 -17.315062002059577 -2.621730309533895 
57 342 9.742366704361554 0 0 -15.223303441780093 -2.872053661087619 
58 348 13.633840595320926 0 0 -15.46981661177307 -8.76854937925155 
59 354 25.985028299446522 0 0 -13.241911248554278 -33.22956202864816 
60 360 36.90860224898052 0 0 -25.72629668065702 -19.697827885122948 
61 366 78.34130494810115 0 0 -67.77143783426675 58.68314751257786 
62 372 114.92676018353059 0 0 10.518300234371287 32.70108646629566 
63 378 183.05660104366615 0 0 73.88478964708148 63.249152936133925 
1 6 0.16712362815954757 0 0 0.06407223252340172 -0.06925460425054851 
2 12 0.12944233434480784 0 0 0.08675584602780259 -0.04489896176629299 
3 18 0.17376891040903725 0 0 0.11074806249431028 -0.22770512596503545 
4 24 0.14680207582195032 0 0 0.14360666029353877 -0.1643376636206786 
5 30 0.18652126683308404 0 0 0.2446224723202257 -0.3260736308237726 
6 36 0.14249734018488483 0 0 0.2074574988380831 -0.22673139399404055 
7 42 0.13318404063037473 0 0 0.27440305212086663 -0.2864848184025408 
8 48 0.1037746429503693 0 0 0.22651222822629083 -0.22559291494764822 
9 54 0.08253643746800204 0 0 0.24652942302975392 -0.26834579481133924 
10 60 0.06487291996503143 0 0 0.2566745774784384 -0.27845916009160787 
11 66 0.06924046650381481 0 0 0.2899720489973715 -0.275072804560083 
12 72 0.056782016846673465 0 0 0.27439116025956417 -0.293956702575576 
13 78 0.060655363640618846 0 0 0.248520735215805 -0.3004299757914485 
14 84 0.05214602539307183 0 0 0.24061097176236473 -0.282342699797035 
15 90 0.09547528905432974 0 0 0.20131539197176773 -0.24825382746997016 
16 96 0.06708948390059001 0 0 0.22670473461830215 -0.2669231369504924 
17 102 0.11512744197061393 0 0 0.25729479330448574 -0.24017303017082517 
18 108 0.10154686724125725 0 0 0.2579641329980679 -0.223418370436565 
19 114 0.0808851431665902 0 0 0.23665077005228427 -0.23224397333704153 
20 120 0.06139183776061842 0 0 0.23343149746751318 -0.22693867983629235 
21 126 0.057346931404364906 0 0 0.24618419521267781 -0.24847996391108274 
22 132 0.08789787287557993 0 0 0.23600460163839848 -0.25614260208426964 
23 138 0.11618777822164844 0 0 0.2593198744624833 -0.31131490227989983 
24 144 0.10565871471705343 0 0 0.22722310412654745 -0.2900506986490892 
25 150 0.0880457199342015 0 0 0.2520128921117205 -0.28338235053764915 
1 6 0.178971029900603 0 0 0.10810452803617822 0.06917261525586355 
1 6 0.17681083545728152 0 0 -0.09096302666226594 0.08177057051418242 
2 12 0.15203415912674303 0 0 -0.09247307382659038 0.13911706655326228 
3 18 0.13564677425580196 0 0 -0.1624856630149607 0.13140149061962342 
4 24 0.10087752063168229 0 0 -0.14751295087292937 0.11083537041001315 
5 30 0.07525407019378676 0 0 -0.12931529109656675 0.11228490690206491 
6 36 0.05767199875466535 0 0 -0.12272919679514972 0.11933657138671636 
7 42 0.042733326530918304 0 0 -0.12367555471247929 0.12308560443207811 
8 48 0.05034677607065362 0 0 -0.09791712416924765 0.0918127287665301 
9 54 0.03764801736974111 0 0 -0.11655981554885689 0.11492830646874734 
10 60 0.028700222650549584 0 0 -0.1200614416557574 0.11820740688006483 
11 66 0.0250313886793541 0 0 -0.12046207392562636 0.1258137627304056 
12 72 0.02090654818768125 0 0 -0.11558194202371429 0.11635864693336828 
13 78 0.018250622856403137 0 0 -0.12224966275498518 0.11881573235827128 
14 84 0.0151050938355684 0 0 -0.12104040626263188 0.12245620735968621 
15 90 0.011027881580764242 0 0 -0.1204606260337993 0.12020968266683224 
16 96 0.010768145189681394 0 0 -0.11805976174502689 0.11610580802852347 
17 102 0.00861794553521185 0 0 -0.11978954389973782 0.11970711294296632 
18 108 0.007065902707645297 0 0 -0.11820006606409182 0.1178336953690153 
19 114 0.0051379767403716215 0 0 -0.1189578083652038 0.1185002888651479 
20 120 0.0052088498591173395 0 0 -0.12028874583087036 0.12037282557991444 
21 126 0.004142402236745698 0 0 -0.11905145851646519 0.11895013151374181 
22 132 0.003023049396865002 0 0 -0.1194238558981645 0.11934741411220517 
23 138 0.002174065999631201 0 0 -0.11935962363320769 0.11933760741583935 
24 144 0.001592588467960423 0 0 -0.11945417649049041 0.11940963890696593 
25 150 0.0017096285040076452 0 0 -0.11895988419643 0.11901037084388147 
26 156 0.0014034904593175411 0 0 -0.11907424186225847 0.11897879628739028 
1 6 0.19277232617899986 0 0 0.13686252521290415 -0.09253879088342376 
2 12 0.140530519240775 0 0 0.07810855556735578 -0.07888044128114628 
3 18 0.13205851847331582 0 0 0.1441844197872321 -0.1452429054177208 
4 24 0.09516257168614108 0 0 0.13049823567258054 -0.12242459250703025 
7 42 0.043973995277140444 0 0 0.1261633012404315 -0.12424303548195836 
10 60 0.046339587439442116 0 0 0.16801546941029125 -0.1637481675949108 
13 78 0.02918624026021827 0 0 0.1766346421069974 -0.17517458064177982 
1 6 0.1518309582347791 0 0 0.045838611263779194 0.009015674632883195 
2 12 0.13871982244950232 0 0 0.11811753238089263 -0.03834536106359593 
3 18 0.10002924396045484 0 0 0.08047637678109032 -0.03320547909058305 
4 24 0.09120919697323635 0 0 0.024555630080050524 -0.027856691483192537 
5 30 0.09346133408762117 0 0 -0.013461513037492727 0.009077451192959406 
7 42 0.0514310898373968 0 0 0.022433853837681844 0.004515959160247613 
8 48 0.047017462453987705 0 0 0.01667595950678494 0.02355048247454189 
1 6 0.20596321534019185 0 0 0.06832708032883408 0.1859033084436095 
2 12 0.15469766710572513 0 0 0.019920700399766733 0.1405751428284161 
3 18 0.14662050354376685 0 0 0.06533875788251112 0.028846344026297675 
4 24 0.12440717086379822 0 0 0.1067722728693863 0.061118985555663106 
5 30 0.12297399337138126 0 0 0.03712715086774182 0.13748301985918515 
6 36 0.10961244010428421 0 0 0.007524398982868661 0.0913277271510483 
8 48 0.07252883576308991 0 0 0.023578958513475017 0.05293084958318028 
10 60 0.06770250013105086 0 0 0.005632234539055106 0.025217172920384365 
13 78 0.03785639390625178 0 0 0.011488156789966583 0.02316038401733964 
14 84 0.028576194203127972 0 0 0.014902838037425691 0.01608913518922723 
1 6 0.21885812507372182 0 0 0.22464323919346033 0.04014597041456105 
2 12 0.1873272574754264 0 0 0.17871085270432485 0.11576596094863356 
3 18 0.14076394551954738 0 0 0.16428900879663794 0.05059007014235392 
4 24 0.10017500421525385 0 0 0.1718352628568849 0.06024867985165637 
5 30 0.11761129282741933 0 0 0.05705184848749872 0.041960802532067284 
6 36 0.10902405288392178 0 0 0.16008869749052074 0.0034755770425584113 
8 48 0.07279294495653132 0 0 0.16138610059278236 0.056328442649921685 
9 54 0.055629671572912175 0 0 0.15297541141424303 0.06483066732444794 
1 6 0.20260101947427678 0 0 0.15638442683836706 0.10771867644777328 
2 12 0.14854012894572946 0 0 0.05822772237583314 0.06167743713029544 
3 18 0.1070148056248848 0 0 0.07477889657739695 0.05176219408453061 
4 24 0.08897591002110228 0 0 0.03078630008346224 0.05042548804610962 
7 42 0.05575131460278075 0 0 0.0010245188782330426 0.01965940340306747 
8 48 0.053348504747324776 0 0 0.017311955961893426 0.00917945970248953 
1 6 0.18304061786625642 0 0 0.13793123652647948 0.02086620486825167 
2 12 0.16558389158265482 0 0 0.20493789025173473 0.03258497732527178 
3 18 0.1793391819479902 0 0 0.01172959917983558 0.0967622508118672 
4 24 0.14563015079821423 0 0 0.02278577279840096 0.09391060704021587 
5 30 0.12615673596721214 0 0 0.08634680876166125 0.03364546981430119 
7 42 0.11312890526704404 0 0 0.01569760804035505 0.14602219358022536 
10 60 0.05133305043568474 0 0 0.01103663705753633 0.15464076154578815 
13 78 0.034238975820576945 0 0 0.008464175287723077 0.1871815554261449 
16 96 0.021424073197008994 0 0 0.00290036305117807 0.17823460347342687 
1 6 0.16795448943523994 0 0 0.09196703525284244 0.03023290346261145 
2 12 0.12261024796545165 0 0 0.04988817379637674 0.037464566611357414 
3 18 0.09569049065402044 0 0 0.04062593687090349 0.06055499521084595 
4 24 0.09186682998637861 0 0 0.012333428086216458 0.10279853822818387 
7 42 0.09537934668592664 0 0 0.03191741138252872 0.1248115902131266 
10 60 0.06887564031469388 0 0 0.014568936332100126 0.11277139353090057 
14 84 0.05045385994191015 0 0 0.025775464231155547 0.016518982548459932 
18 108 0.030485901372441518 0 0 0.035810754568601735 0.0048528770411979515 
1 6 0.15905547123557642 0 0 0.06757638099297311 0.01743284550272897 
2 12 0.14184172422271848 0 0 0.029128347662226894 0.10143569908112071 
3 18 0.12270464577327567 0 0 0.1008976834386258 0.05587262684205853 
4 24 0.11273412103673486 0 0 0.11507713490147688 0.11840901867959842 
7 42 0.08612130850024481 0 0 0.05801121715132521 0.020557691237868797 
10 60 0.04887926101592102 0 0 0.03920311103537974 0.027127432304583088 
14 84 0.04459722864498547 0 0 0.007427476087203807 0.03961510837210186 
18 108 0.023686327708729568 0 0 0.004276795432049011 0.022329214870838127 
23 138 0.020712463707148205 0 0 0.014885985986507203 0.0010755777207825973 
24 144 0.01879998479068515 0 0 0.011401152356199094 0.0019802807230007943 
1 6 0.1643703517224745 0 0 0.042783840696236974 0.07472086390647224 
2 12 0.14113250846865277 0 0 0.10508792875356279 0.0812215369967719 
3 18 0.10782467595127926 0 0 0.0653835782615156 0.044008397805688486 
4 24 0.09303685130043082 0 0 0.11091474325959619 0.03030628191881505 
7 42 0.06356794695774232 0 0 0.013265452454670215 0.018076211547476906 
10 60 0.042428105469587196 0 0 0.010143978380784974 0.0098528363568464 
14 84 0.02530098874610612 0 0 0.008490220527242699 0.0036751792235327164 
18 108 0.010713897682860808 0 0 0.004270692080208356 0.004783180068902573 
23 138 0.007394674586848972 0 0 0.001850491176293326 7.387191020210614E-4 
28 168 0.0038241886791940535 0 0 1.0176872917868838E-4 0.0018555552531626734 
34 204 0.003128545657021103 0 0 1.0830501823328072E-4 1.4702348444563596E-4 
40 240 0.0017550938961232907 0 0 9.48794260923999E-5 2.842639842384622E-4 
42 252 0.0013599250435599424 0 0 6.428915176995681E-5 1.0450692546145406E-4 
1 6 0.27308245562134265 0 0 1000.0232206592041 999.6627337574001 
2 12 0.3562217248347941 0 0 999.6963667098235 999.5862463099669 
3 18 0.5289070928024856 0 0 999.2829666463534 999.2819025138988 
4 24 0.6835506385721168 0 0 999.1484154408643 998.726032673245 
7 42 2.8578965951978224 0 0 994.8678995079081 993.8645244978221 
10 60 6.661767901741091 0 0 988.6391943676508 978.2461972477244 
14 84 19.05139193534495 0 0 952.6267920441754 922.0236362092426 
18 108 55.67695899428326 0 0 853.1527179281187 819.4412050345919 
22 132 136.89153561760398 0 0 558.3814679979267 419.41421130003124 
1 6 0.23675243100831006 0 0 999.8138968177151 999.8082541544793 
2 12 0.30653855893368626 0 0 999.6018308131102 999.6341349158931 
3 18 0.3014545809405309 0 0 999.4965739557558 999.7059451988307 
4 24 0.43115933652443955 0 0 999.0497411081902 999.4537035438223 
5 30 0.5359229636116833 0 0 998.724167246685 999.1347742441401 
7 42 1.029030064506199 0 0 996.9106996154071 997.9550941307498 
10 60 4.5601672434572755 0 0 985.4357544350787 988.9915661920448 
13 78 22.982473703843542 0 0 921.410513198733 928.5270483045836 
16 96 37.36957024116702 0 0 812.3719062158955 838.8994022792486 
20 120 99.74578516650018 0 0 326.733952493381 446.88862266343875 
1 6 0.1989753787649134 0 0 99.8230589621471 100.03778590465839 
2 12 0.2912107628273912 0 0 99.52746687195658 99.96688131219136 
3 18 0.44759968924165083 0 0 99.05013801574029 99.96312732516434 
4 24 0.8605096152479881 0 0 97.94078850408712 100.03136037802102 
7 42 1.324757960902008 0 0 95.37817968963321 100.5709056460061 
10 60 3.36205001021197 0 0 87.67909100420859 101.7004303478654 
14 84 10.042478009392637 0 0 80.63701560417346 95.86549934084292 
18 108 16.566184009556554 0 0 9.565219614690214 106.5001583835029 
23 138 8.89706535918796 0 0 3.598234971226457 99.06778750490263 
28 168 3.4930131474774395 0 0 1.5678321507054334 99.32555002808135 
34 204 6.926191090266776 0 0 0.7446702152978939 94.61208124999628 
40 240 5.090548356624595 0 0 0.5494315223570487 96.8614828881083 
47 282 2.117425619935887 0 0 0.06546672827250556 99.10987892617007 
54 324 2.1911897053661105 0 0 0.14035271663121182 100.14761115631572 
62 372 0.6637898642003994 0 0 0.026248366716040476 100.07227501966963 
70 420 0.29323163986208467 0 0 0.004185855187977809 100.46164098783794 
79 474 0.14458919037246865 0 0 4.570679392304392E-4 100.37087443683752 
88 528 0.048203003483980225 0 0 3.175636105870709E-5 100.4582850069214 
98 588 0.015417039427550381 0 0 3.262654978547048E-5 100.4478512934681 
108 648 0.007778887914926689 0 0 4.733292063760323E-6 100.45090186562147 
119 714 0.001965540387137685 0 0 3.757543249818431E-7 100.45028863512573 
130 780 0.0011368823201003812 0 0 2.0899342281630984E-7 100.45028634222787 
142 852 5.182903469571239E-4 0 0 6.363244455538013E-9 100.45020449909016 
154 924 1.0135193775238333E-4 0 0 3.3750393587900833E-9 100.45026314831121 
166 996 4.819890611713863E-5 0 0 1.700561056880229E-10 100.4502628690575 
1 6 0.20401374086221075 0 0 99.81113227166347 99.95864659461888 
2 12 0.18665038738764816 0 0 99.81027569115759 99.8644553213405 
3 18 0.32777724784126483 0 0 99.43056812957009 99.97831380973234 
4 24 0.4588930129239506 0 0 99.13808890555704 99.88146547005317 
5 30 0.623756911644369 0 0 98.91086271233465 99.45641240022869 
7 42 1.169406587230212 0 0 97.60137756094528 98.35010993238343 
10 60 2.327972062681486 0 0 94.05174866068995 95.40647271683964 
13 78 8.472905233890167 0 0 85.01956389817384 79.60357065644732 
16 96 34.97558301513443 0 0 37.63269486471926 19.325174471776037 
20 120 27.164198165696043 0 0 10.562156951273028 25.18630210719654 
24 144 20.660448522829416 0 0 10.657584806415818 4.290332812735324 
28 168 15.542923587661708 0 0 6.781613082723037 20.85015903045606 
33 198 10.790093616688223 0 0 3.817617132663244 11.571736494618133 
38 228 6.2607917613259945 0 0 1.2959707717620716 5.359067035719989 
43 258 3.1852864765478386 0 0 0.939405301346911 0.3182792502325612 
49 294 1.3294650756438913 0 0 1.2857014942497569 0.07999985577896263 
55 330 0.6374552199057375 0 0 1.4133411378547858 0.015528293953804369 
61 366 0.34488759073867536 0 0 1.339491862757702 0.013516554254878469 
68 408 0.16682882643238 0 0 1.3363629656772809 0.002353624994348756 
75 450 0.13629125804338565 0 0 1.3476877180548565 0.0032005218945216525 
82 492 0.07153138173835288 0 0 1.322525026066727 5.848019077046322E-4 
90 540 0.04389771313537751 0 0 1.3142831747034325 3.80192142200493E-4 
98 588 0.03147743675844758 0 0 1.3210432134570107 6.325131782440242E-5 
106 636 0.00649226826355874 0 0 1.320376672896065 1.057740706360899E-5 
115 690 0.0023428371596267853 0 0 1.32008583780411 2.3199005527774974E-6 
124 744 0.0010780013745252215 0 0 1.320058245774134 5.63303327787373E-7 
133 798 5.548484715579946E-4 0 0 1.3200439511072353 5.3127323662350784E-8 
143 858 1.591918544934675E-4 0 0 1.320034109532006 1.0228507705783301E-8 
148 888 5.775091030965883E-4 0 0 1.3201189557319513 8.233159321545068E-9 
1 6 0.20309951727775255 0 0 99.87539583016634 99.85509340770166 
2 12 0.25331699733391794 0 0 99.66143802930128 99.77971428155324 
3 18 0.3899403352236384 0 0 99.30994467560198 99.59309154253198 
4 24 0.4403623739152057 0 0 99.14341780835863 99.77258486584874 
5 30 0.4487505167856599 0 0 99.01089523067509 99.47485567692482 
6 36 0.5496013727965378 0 0 98.55612039709551 99.25675610258827 
8 48 0.9203555458427597 0 0 97.19101819031454 98.91332517320377 
10 60 2.650707279810154 0 0 92.43430623583373 96.65816789618403 
13 78 10.459698828137528 0 0 69.43443982103096 82.85761819156241 
16 96 17.156145264263966 0 0 53.84315381365781 65.51648433324114 
19 114 26.61549762864737 0 0 17.592115756888745 32.77927435224345 
22 132 27.687335121098148 0 0 32.96993880269511 22.58561397809117 
26 156 17.05901728698375 0 0 18.090675335910348 3.38737902812277 
30 180 14.29027677391041 0 0 15.336196662144541 9.331973937932625 
34 204 12.023180182366291 0 0 8.512539014942261 8.140341654244894 
38 228 9.1183223379498 0 0 1.6966907023083364 4.172884292904136 
43 258 4.345430082124847 0 0 1.0203318291162948 0.7758809462422869 
48 288 1.7440941092958395 0 0 0.2719653010750752 0.42205643822184813 
53 318 1.7540064551084915 0 0 0.0896477303386899 0.2501950902862663 
58 348 1.0440474791812853 0 0 0.05085711135710312 0.1613561762018133 
64 384 0.4687154851580937 0 0 0.05246132303467246 0.03220561004691139 
70 420 0.260242020908552 0 0 0.013212990077187552 0.008805864580497749 
76 456 0.09710168121601578 0 0 0.005037033533064748 0.002238622667401491 
82 492 0.03546057904553504 0 0 9.695537335206105E-4 5.519624411330065E-4 
89 534 0.013666650998022325 0 0 1.2986010493455923E-4 4.7938073781575923E-4 
96 576 0.009377300524165928 0 0 1.1479995198187734E-4 8.258379140789571E-5 
103 618 0.005361570470893005 0 0 5.3526885633934016E-5 7.381377235460073E-5 
110 660 0.00307552163900001 0 0 8.515979443815866E-6 1.0578592014427043E-5 
118 708 8.529294455591253E-4 0 0 3.44123059641601E-6 3.5970739237557747E-6 
126 756 4.487044469438904E-4 0 0 6.629553125258502E-7 1.1461884109955075E-6 
134 804 2.1109299549776584E-4 0 0 1.9148836819386645E-7 1.6242610329116927E-7 
142 852 6.411008711717256E-5 0 0 7.442458054659825E-8 7.64266439746381E-8 
151 906 2.256582760738294E-5 0 0 1.3897450427563158E-8 1.1163474353151903E-8 
160 960 7.106408785261461E-6 0 0 3.029090228719016E-9 3.0499696973726786E-9 
169 1014 4.56609205726337E-6 0 0 3.8237292439107207E-10 1.0319655918671246E-9 
170 1020 5.2759529246084906E-6 0 0 7.193498145545383E-10 3.802821820318918E-10 
1 6 0.11399367523811754 0 0 0.09471121834436817 0.0804117112334635 
2 12 0.17322320665000032 0 0 0.11047202597468704 0.06794839665308475 
3 18 0.1647441377109391 0 0 0.16232805021575794 0.15676286853432608 
4 24 0.15685377746117804 0 0 0.24686292235436497 0.13936492909728238 
7 42 0.13048499258311413 0 0 0.22003757605723082 0.12014493303610269 
10 60 0.09187959166557967 0 0 0.27824440702538145 0.06278343583548775 
14 84 0.20387249973976268 0 0 0.23319783709548975 0.1522329525968659 
18 108 0.3825571818089194 0 0 0.1232821903362477 0.2995997851418297 
23 138 0.35978259357354575 0 0 0.1789159792343733 0.10028450422986324 
28 168 1.6138307803036087 0 0 0.3180122673724025 0.9245870084143647 
34 204 2.189556616394448 0 0 0.322324984614636 3.0608859310731096 
40 240 2.4705382966449667 0 0 1.1463698247019147 1.867346531663254 
47 282 3.1614343703588084 0 0 1.7036025381616033 4.587950267735282 
54 324 2.672723482062709 0 0 1.3183969467055792 4.27772022884465 
62 372 0.7839349425501916 0 0 0.8844407220404945 4.592090479490785 
70 420 1.3125600717360464 0 0 0.8122687322715827 4.672406765904405 
79 474 96.2991038385871 0 0 3.6443768604975544 3.6328595724988273 
84 504 5331.532213922417 0 0 89.33719097398918 376.62899487177464 
1 6 0.1149922823089295 0 0 0.11485084158509838 0.052802220938499955 
2 12 0.12845501554244204 0 0 0.19004760668377813 0.09476229306179135 
3 18 0.17291011661925518 0 0 0.0682872370117887 0.22958632960714315 
4 24 0.16667562291488872 0 0 0.021479636054542818 0.23423813824619233 
7 42 0.26034122104444246 0 0 0.10104349283947037 0.6508364287985877 
10 60 0.34214209653379857 0 0 0.7294904077057182 0.268793206374622 
14 84 0.20644596521664055 0 0 0.9092402192918961 0.3110493665876367 
18 108 0.25450923576947343 0 0 0.48740988505852406 0.2155400173086905 
23 138 0.27549741515952786 0 0 0.3106585409153415 0.6250704829815736 
28 168 0.2816426085535964 0 0 0.23811863198541258 0.5324004954574332 
34 204 1.3846901535176521 0 0 1.2893692386520645 0.8230209910827387 
40 240 1.9012871590123597 0 0 1.729232092671751 2.703057445178486 
47 282 1.0909287548768347 0 0 1.9380066634543636 3.8869479191326195 
54 324 0.9539103091995024 0 0 2.7390545408614555 4.3593752322182215 
62 372 0.9492275914869387 0 0 3.3665110284043456 3.2468220600821853 
70 420 1.7823479585577688 0 0 3.8703287531758734 3.029735830678578 
78 468 700.6217929415769 0 0 142.0868198931227 128.78273054089192 
1 6 0.12176335803223833 0 0 0.020817752876305474 0.13905617283868793 
2 12 0.2537103860605599 0 0 0.2466170455142513 0.11954333839844387 
3 18 0.318500974845228 0 0 0.4904504929246322 0.17498637434110223 
4 24 0.8780790571630752 0 0 1.3726020239161254 0.4374482159268384 
7 42 1.7189076280938094 0 0 4.491633535433422 1.2032396574339927 
10 60 2.3597884953562622 0 0 9.611923971435298 2.827374982396727 
14 84 4.634226267304774 0 0 15.72867225338463 8.773893228459686 
18 108 4.602359048976314 0 0 21.927254090949447 8.202378829712348 
23 138 126.87381381297422 0 0 257.54120270219966 103.77017834934964 
1 6 0.09253354295987468 0 0 0.04677049644602998 0.05537381204777332 
2 12 0.16641345181261386 0 0 0.11482736374009944 0.1379127628454104 
3 18 0.1700994818798883 0 0 0.20005388145772363 0.18501191238195663 
4 24 0.2958623371641839 0 0 0.18397143981801592 0.34479970282677014 
5 30 0.23731724186244332 0 0 0.16159285671077375 0.1599428841148079 
7 42 0.33407573365916676 0 0 0.2640942868642178 0.41559656173210635 
10 60 0.35132904862621844 0 0 0.5567342468098334 0.7646220229111332 
13 78 0.37584902293397277 0 0 0.6224094336518095 1.047493436192035 
16 96 0.3583477157890668 0 0 0.6766043949232718 0.667774716629592 
20 120 0.43098054199609914 0 0 0.7417608917651858 0.7463767544584154 
24 144 1.235546553496855 0 0 1.7104431278737797 1.510575641308592 
28 168 1.1183641736742005 0 0 1.8646767400019004 1.7356953995061715 
33 198 1.636337260130199 0 0 0.8631052941306332 2.3766594019191127 
38 228 1.4578745114139118 0 0 0.3201291279323256 3.029210833278812 
43 258 3.106005020307463 0 0 2.7973174146322486 1.4657829752387426 
49 294 4.952322721512327 0 0 2.7169754736677576 4.680954763958339 
55 330 2.473947222859111 0 0 2.7586818450902975 3.8824657458456335 
61 366 5.6988909610698055 0 0 4.070741143343216 2.9708614352109075 
68 408 336.07767215529765 0 0 28.415035030301908 85.51296206155808 
70 420 1344.4919028957522 0 0 242.08071504377705 291.94518155394184 
